@relation  winequality-white
@attribute FixedAcidity real[3.8,14.2]
@attribute VolatileAcidity real[0.08,1.1]
@attribute CitricAcid real[0.0,1.66]
@attribute ResidualSugar real[0.6,65.8]
@attribute Chlorides real[0.0090,0.346]
@attribute FreeSulfurDioxide real[2.0,289.0]
@attribute TotalSulfurDioxide real[9.0,440.0]
@attribute Density real[0.98711,1.03898]
@attribute PH real[2.72,3.82]
@attribute Sulphates real[0.22,1.08]
@attribute Alcohol real[8.0,14.2]
@attribute Quality{0,1,2,3,4,5,6,7,8,9,10}
@inputs FixedAcidity,VolatileAcidity,CitricAcid,ResidualSugar,Chlorides,FreeSulfurDioxide,TotalSulfurDioxide,Density,PH,Sulphates,Alcohol
@outputs Quality
@data
6.8, 0.26, 0.34, 15.1, 0.06, 42.0, 162.0, 0.99705, 3.24, 0.52, 10.5, 3
8.3, 0.33, 0.42, 1.15, 0.033, 18.0, 96.0, 0.9911, 3.2, 0.32, 12.4, 3
4.2, 0.215, 0.23, 5.1, 0.041, 64.0, 157.0, 0.99688, 3.42, 0.44, 8.0, 3
9.4, 0.24, 0.29, 8.5, 0.037, 124.0, 208.0, 0.99395, 2.9, 0.38, 11.0, 3
6.7, 0.22, 0.22, 1.2, 0.038, 5.0, 124.0, 0.99098, 3.1, 0.37, 11.2, 4
6.1, 0.28, 0.25, 12.9, 0.054, 34.0, 189.0, 0.9979, 3.25, 0.43, 9.0, 4
7.1, 0.53, 0.24, 0.8, 0.029, 29.0, 86.0, 0.993, 3.16, 0.32, 9.1, 4
5.3, 0.43, 0.11, 1.1, 0.029, 6.0, 51.0, 0.99076, 3.51, 0.48, 11.2, 4
7.4, 0.45, 0.32, 7.1, 0.044, 17.0, 117.0, 0.9962, 3.32, 0.41, 10.4, 4
6.9, 0.39, 0.22, 4.3, 0.03, 10.0, 102.0, 0.993, 3.0, 0.87, 11.6, 4
6.9, 0.3, 0.36, 4.5, 0.054, 31.0, 203.0, 0.99513, 3.4, 0.57, 10.4, 4
6.1, 0.6, 0.12, 1.8, 0.05, 11.0, 76.0, 0.99268, 3.42, 0.48, 10.4, 4
6.4, 0.595, 0.14, 5.2, 0.058, 15.0, 97.0, 0.9951, 3.38, 0.36, 9.0, 4
6.4, 0.34, 0.2, 14.9, 0.06, 37.0, 162.0, 0.9983, 3.13, 0.45, 9.0, 4
9.3, 0.2, 0.33, 1.7, 0.05, 28.0, 178.0, 0.9954, 3.16, 0.43, 9.0, 4
8.3, 0.27, 0.45, 1.3, 0.048, 8.0, 72.0, 0.9944, 3.08, 0.61, 10.3, 4
7.6, 0.31, 0.49, 13.4, 0.062, 50.0, 191.0, 0.9989, 3.22, 0.53, 9.0, 4
7.6, 0.26, 0.36, 1.6, 0.032, 6.0, 106.0, 0.993, 3.15, 0.4, 10.4, 4
5.8, 0.28, 0.35, 2.3, 0.053, 36.0, 114.0, 0.9924, 3.28, 0.5, 10.2, 4
6.4, 0.27, 0.19, 1.9, 0.085, 21.0, 196.0, 0.99516, 3.49, 0.64, 9.5, 4
7.1, 0.24, 0.34, 1.2, 0.045, 6.0, 132.0, 0.99132, 3.16, 0.46, 11.2, 4
6.8, 0.27, 0.29, 4.6, 0.046, 6.0, 88.0, 0.99458, 3.34, 0.48, 10.6, 4
7.0, 0.57, 0.1, 8.3, 0.094, 23.0, 188.0, 0.9972, 3.4, 0.47, 9.2, 4
5.8, 0.28, 0.18, 1.2, 0.058, 7.0, 108.0, 0.99288, 3.23, 0.58, 9.55, 4
9.8, 0.25, 0.74, 10.0, 0.056, 36.0, 225.0, 0.9977, 3.06, 0.43, 10.0, 4
7.3, 0.28, 0.42, 1.2, 0.033, 29.0, 142.0, 0.99205, 3.17, 0.43, 10.7, 4
6.0, 0.35, 0.46, 0.9, 0.033, 9.0, 65.0, 0.98934, 3.24, 0.35, 12.1, 4
7.6, 0.21, 0.35, 1.2, 0.041, 7.0, 106.0, 0.9914, 3.06, 0.45, 11.3, 4
6.5, 0.38, 0.53, 1.4, 0.142, 5.0, 69.0, 0.9926, 3.14, 0.52, 10.1, 4
7.2, 0.615, 0.1, 1.4, 0.068, 25.0, 154.0, 0.99499, 3.2, 0.48, 9.7, 4
7.5, 0.34, 0.24, 3.85, 0.031, 5.0, 34.0, 0.99098, 3.01, 0.36, 11.8, 4
7.6, 0.33, 0.36, 2.1, 0.034, 26.0, 172.0, 0.9944, 3.42, 0.48, 10.5, 4
7.1, 0.27, 0.28, 1.25, 0.023, 3.0, 89.0, 0.98993, 2.95, 0.3, 11.4, 4
6.9, 0.19, 0.6, 4.0, 0.037, 6.0, 122.0, 0.99255, 2.92, 0.59, 10.4, 4
7.4, 0.27, 0.31, 2.4, 0.014, 15.0, 143.0, 0.99094, 3.03, 0.65, 12.0, 4
6.9, 0.75, 0.13, 6.3, 0.036, 19.0, 50.0, 0.99312, 3.09, 0.25, 11.1, 4
6.4, 0.46, 0.22, 14.7, 0.047, 51.0, 183.0, 0.998275, 3.39, 0.6, 10.5, 5
6.8, 0.57, 0.29, 2.2, 0.04, 15.0, 77.0, 0.9938, 3.32, 0.74, 10.2, 5
6.8, 0.26, 0.29, 16.95, 0.056, 48.0, 179.0, 0.9998, 3.45, 0.4, 9.6, 5
5.8, 0.33, 0.2, 16.05, 0.047, 26.0, 166.0, 0.9976, 3.09, 0.46, 8.9, 5
5.8, 0.32, 0.23, 1.5, 0.033, 39.0, 121.0, 0.9887, 2.96, 0.35, 12.0, 5
8.6, 0.23, 0.25, 11.3, 0.031, 13.0, 96.0, 0.99645, 3.11, 0.4, 10.8, 5
6.3, 0.21, 0.58, 10.0, 0.081, 34.0, 126.0, 0.9962, 2.95, 0.46, 8.9, 5
7.3, 0.26, 0.24, 1.7, 0.05, 10.0, 112.0, 0.99286, 3.11, 0.43, 9.9, 5
7.0, 0.3, 0.28, 2.2, 0.042, 21.0, 177.0, 0.99166, 3.2, 0.57, 11.4, 5
7.0, 0.23, 0.28, 2.7, 0.053, 16.0, 92.0, 0.99372, 3.18, 0.56, 9.3, 5
5.8, 0.3, 0.09, 6.3, 0.042, 36.0, 138.0, 0.99382, 3.15, 0.48, 9.7, 5
7.3, 0.32, 0.35, 1.4, 0.05, 8.0, 163.0, 0.99244, 3.24, 0.42, 10.7, 5
7.0, 0.34, 0.1, 3.5, 0.044, 17.0, 63.0, 0.9937, 3.01, 0.39, 9.2, 5
7.2, 0.15, 0.39, 1.8, 0.043, 21.0, 159.0, 0.9948, 3.52, 0.47, 10.0, 5
5.8, 0.33, 0.23, 5.0, 0.053, 29.0, 106.0, 0.99458, 3.13, 0.52, 9.0, 5
8.4, 0.35, 0.71, 12.2, 0.046, 22.0, 160.0, 0.9982, 2.98, 0.65, 9.4, 5
6.6, 0.23, 0.18, 8.5, 0.044, 59.0, 188.0, 0.99558, 3.16, 0.49, 9.5, 5
6.8, 0.25, 0.18, 1.4, 0.056, 13.0, 137.0, 0.9935, 3.11, 0.42, 9.5, 5
6.6, 0.27, 0.29, 5.3, 0.045, 57.0, 189.0, 0.9953, 3.31, 0.79, 9.8, 5
6.0, 0.14, 0.37, 1.2, 0.032, 63.0, 148.0, 0.99185, 3.32, 0.44, 11.2, 5
6.5, 0.26, 0.34, 1.4, 0.04, 25.0, 184.0, 0.99216, 3.29, 0.46, 10.7, 5
6.4, 0.31, 0.31, 12.9, 0.045, 55.0, 161.0, 0.99546, 3.02, 0.59, 10.2, 5
7.7, 0.35, 0.46, 11.8, 0.088, 61.0, 183.0, 0.99786, 2.86, 0.47, 9.0, 5
6.0, 0.28, 0.35, 1.9, 0.037, 16.0, 120.0, 0.9933, 3.16, 0.69, 10.6, 5
6.1, 0.45, 0.27, 0.8, 0.039, 13.0, 82.0, 0.9927, 3.23, 0.32, 9.5, 5
6.4, 0.31, 0.39, 7.5, 0.04, 57.0, 213.0, 0.99475, 3.32, 0.43, 10.0, 5
6.6, 0.23, 0.27, 5.6, 0.043, 43.0, 164.0, 0.9953, 3.27, 0.76, 9.5, 5
6.4, 0.38, 0.24, 7.2, 0.047, 41.0, 151.0, 0.99604, 3.11, 0.6, 9.2, 5
7.0, 0.29, 0.33, 0.9, 0.041, 20.0, 117.0, 0.99048, 3.21, 0.5, 11.4, 5
7.6, 0.26, 0.47, 1.6, 0.068, 5.0, 55.0, 0.9944, 3.1, 0.45, 9.6, 5
6.3, 0.33, 0.2, 5.8, 0.04, 24.0, 144.0, 0.99425, 3.15, 0.63, 9.9, 5
7.6, 0.18, 0.49, 18.05, 0.046, 36.0, 158.0, 0.9996, 3.06, 0.41, 9.2, 5
8.3, 0.22, 0.38, 14.8, 0.054, 32.0, 126.0, 1.0002, 3.22, 0.5, 9.7, 5
6.8, 0.22, 0.26, 1.2, 0.041, 29.0, 182.0, 0.99104, 3.04, 0.35, 11.2, 5
7.6, 0.27, 0.24, 3.8, 0.058, 19.0, 115.0, 0.9958, 3.15, 0.45, 8.9, 5
6.6, 0.32, 0.27, 10.9, 0.041, 37.0, 146.0, 0.9963, 3.24, 0.47, 10.0, 5
5.8, 0.15, 0.49, 1.1, 0.048, 21.0, 98.0, 0.9929, 3.19, 0.48, 9.2, 5
6.3, 0.35, 0.26, 17.6, 0.061, 59.0, 198.0, 0.99918, 3.11, 0.49, 8.8, 5
7.5, 0.23, 0.68, 11.0, 0.047, 37.0, 133.0, 0.9978, 2.99, 0.38, 8.8, 5
6.4, 0.22, 0.56, 14.5, 0.055, 27.0, 159.0, 0.998, 2.98, 0.4, 9.1, 5
6.2, 0.25, 0.54, 7.0, 0.046, 58.0, 176.0, 0.99454, 3.19, 0.7, 10.4, 5
7.2, 0.21, 0.36, 15.7, 0.045, 68.0, 183.0, 0.99922, 3.25, 0.76, 9.4, 5
7.3, 0.27, 0.39, 6.7, 0.064, 28.0, 188.0, 0.9958, 3.29, 0.3, 9.7, 5
7.3, 0.25, 0.26, 7.2, 0.048, 52.0, 207.0, 0.99587, 3.12, 0.37, 9.2, 5
7.2, 0.18, 0.41, 1.2, 0.048, 41.0, 97.0, 0.9919, 3.14, 0.45, 10.4, 5
7.5, 0.2, 0.41, 1.2, 0.05, 26.0, 131.0, 0.99133, 3.19, 0.52, 11.1, 5
7.4, 0.38, 0.34, 8.3, 0.052, 44.0, 168.0, 0.99627, 3.11, 0.52, 9.2, 5
6.8, 0.3, 0.24, 6.6, 0.123, 35.0, 116.0, 0.9953, 3.07, 0.48, 9.4, 5
6.3, 0.25, 0.44, 11.6, 0.041, 48.0, 195.0, 0.9968, 3.18, 0.52, 9.5, 5
6.2, 0.27, 0.32, 8.8, 0.047, 65.0, 224.0, 0.9961, 3.17, 0.47, 8.9, 5
6.0, 0.26, 0.15, 1.3, 0.06, 51.0, 154.0, 0.99354, 3.14, 0.51, 8.7, 5
6.7, 0.25, 0.31, 1.35, 0.061, 30.5, 218.0, 0.99388, 3.16, 0.53, 9.5, 5
7.6, 0.29, 0.42, 1.3, 0.035, 18.0, 86.0, 0.9908, 2.99, 0.39, 11.3, 5
6.6, 0.22, 0.58, 1.1, 0.133, 52.0, 136.0, 0.9932, 3.1, 0.3, 9.1, 5
7.6, 0.29, 0.26, 6.5, 0.042, 32.0, 160.0, 0.9944, 3.14, 0.47, 10.7, 5
6.0, 0.28, 0.25, 1.8, 0.042, 8.0, 108.0, 0.9929, 3.08, 0.55, 9.0, 5
7.6, 0.17, 0.45, 11.2, 0.054, 56.0, 137.0, 0.997, 3.15, 0.47, 10.0, 5
7.0, 0.16, 0.73, 1.0, 0.138, 58.0, 150.0, 0.9936, 3.08, 0.3, 9.2, 5
6.9, 0.35, 0.55, 11.95, 0.038, 22.0, 111.0, 0.99687, 3.11, 0.29, 9.7, 5
6.4, 0.27, 0.17, 8.4, 0.044, 60.0, 198.0, 0.99578, 3.21, 0.47, 9.4, 5
7.1, 0.28, 0.31, 1.5, 0.053, 20.0, 98.0, 0.99069, 3.15, 0.5, 11.4, 5
6.7, 0.29, 0.45, 14.3, 0.054, 30.0, 181.0, 0.99869, 3.14, 0.57, 9.1, 5
7.7, 0.275, 0.3, 1.0, 0.039, 19.0, 75.0, 0.992, 3.01, 0.56, 10.7, 5
5.8, 0.6, 0.0, 1.3, 0.044, 72.0, 197.0, 0.99202, 3.56, 0.43, 10.9, 5
7.4, 0.32, 0.27, 1.4, 0.049, 38.0, 173.0, 0.99335, 3.03, 0.52, 9.3, 5
6.6, 0.38, 0.36, 9.2, 0.061, 42.0, 214.0, 0.9976, 3.31, 0.56, 9.4, 5
7.1, 0.2, 0.37, 1.5, 0.049, 28.0, 129.0, 0.99226, 3.15, 0.52, 10.8, 5
7.5, 0.29, 0.36, 15.7, 0.05, 29.0, 124.0, 0.9968, 3.06, 0.54, 10.4, 5
6.3, 0.24, 0.55, 8.1, 0.04, 67.0, 216.0, 0.99596, 3.24, 0.5, 9.2, 5
7.6, 0.26, 0.58, 7.9, 0.041, 62.0, 180.0, 0.9966, 3.07, 0.38, 9.0, 5
7.5, 0.33, 0.38, 8.7, 0.126, 49.0, 199.0, 0.99711, 2.98, 0.57, 9.4, 5
5.7, 0.14, 0.3, 5.4, 0.045, 26.0, 105.0, 0.99469, 3.32, 0.45, 9.3, 5
7.0, 0.31, 0.35, 1.6, 0.063, 13.0, 119.0, 0.99184, 3.22, 0.5, 10.7, 5
5.6, 0.26, 0.26, 5.7, 0.031, 12.0, 80.0, 0.9923, 3.25, 0.38, 10.8, 5
8.1, 0.5, 0.47, 1.1, 0.037, 23.0, 126.0, 0.9938, 3.21, 0.42, 10.9, 5
9.8, 0.16, 0.46, 1.8, 0.046, 23.0, 130.0, 0.99587, 3.04, 0.67, 9.6, 5
7.0, 0.48, 0.12, 4.5, 0.05, 23.0, 86.0, 0.99398, 2.86, 0.35, 9.0, 5
7.7, 0.34, 0.58, 11.1, 0.039, 41.0, 151.0, 0.9978, 3.06, 0.49, 8.6, 5
5.9, 0.32, 0.26, 1.5, 0.057, 17.0, 141.0, 0.9917, 3.24, 0.36, 10.7, 5
6.4, 0.18, 0.74, 11.9, 0.046, 54.0, 168.0, 0.9978, 3.58, 0.68, 10.1, 5
9.0, 0.31, 0.49, 6.9, 0.034, 26.0, 91.0, 0.9937, 2.99, 0.34, 11.5, 5
8.5, 0.56, 0.74, 17.85, 0.051, 51.0, 243.0, 1.0005, 2.99, 0.7, 9.2, 5
6.6, 0.27, 0.33, 1.4, 0.042, 24.0, 183.0, 0.99215, 3.29, 0.46, 10.7, 5
7.0, 0.3, 0.27, 1.5, 0.076, 24.0, 145.0, 0.99344, 3.1, 0.52, 10.1, 5
7.2, 0.43, 0.24, 6.7, 0.058, 40.0, 163.0, 0.995, 3.2, 0.41, 9.9, 5
8.1, 0.33, 0.22, 5.2, 0.047, 24.0, 151.0, 0.99527, 3.22, 0.47, 10.3, 5
6.9, 0.33, 0.31, 7.7, 0.04, 29.0, 135.0, 0.99226, 3.11, 0.57, 12.3, 5
6.8, 0.28, 0.37, 7.0, 0.057, 35.0, 208.0, 0.9973, 3.57, 0.55, 10.2, 5
5.9, 0.29, 0.33, 7.4, 0.037, 58.0, 205.0, 0.99495, 3.26, 0.41, 9.6, 5
7.4, 0.28, 0.5, 12.1, 0.049, 48.0, 122.0, 0.9973, 3.01, 0.44, 9.0, 5
4.9, 0.345, 0.34, 1.0, 0.068, 32.0, 143.0, 0.99138, 3.24, 0.4, 10.1, 5
6.7, 0.24, 0.33, 12.3, 0.046, 31.0, 145.0, 0.9983, 3.36, 0.4, 9.5, 5
5.7, 0.255, 0.65, 1.2, 0.079, 17.0, 137.0, 0.99307, 3.2, 0.42, 9.4, 5
6.4, 0.37, 0.2, 5.6, 0.117, 61.0, 183.0, 0.99459, 3.24, 0.43, 9.5, 5
8.2, 0.52, 0.34, 1.2, 0.042, 18.0, 167.0, 0.99366, 3.24, 0.39, 10.6, 5
6.5, 0.39, 0.81, 1.2, 0.217, 14.0, 74.0, 0.9936, 3.08, 0.53, 9.5, 5
7.1, 0.4, 0.52, 1.3, 0.148, 45.0, 149.0, 0.99468, 3.08, 0.56, 8.7, 5
5.6, 0.695, 0.06, 6.8, 0.042, 9.0, 84.0, 0.99432, 3.44, 0.44, 10.2, 5
9.0, 0.29, 0.34, 12.1, 0.03, 34.0, 177.0, 0.99706, 3.13, 0.47, 10.6, 5
7.3, 0.3, 0.74, 13.5, 0.039, 46.0, 165.0, 0.9982, 3.02, 0.4, 8.7, 5
6.1, 0.37, 0.2, 7.6, 0.031, 49.0, 170.0, 0.99558, 3.22, 0.48, 9.5, 5
6.7, 0.26, 0.51, 8.0, 0.062, 50.0, 194.0, 0.99545, 3.13, 0.5, 9.6, 5
5.8, 0.335, 0.14, 5.8, 0.046, 49.0, 197.0, 0.9937, 3.3, 0.71, 10.3, 5
6.6, 0.17, 0.28, 1.8, 0.042, 62.0, 178.0, 0.99204, 3.15, 0.42, 10.2, 5
6.2, 0.31, 0.23, 3.3, 0.052, 34.0, 113.0, 0.99429, 3.16, 0.48, 8.4, 5
6.7, 0.27, 0.25, 8.0, 0.053, 54.0, 202.0, 0.9961, 3.22, 0.43, 9.3, 5
8.8, 0.34, 0.33, 9.7, 0.036, 46.0, 172.0, 0.9966, 3.08, 0.4, 10.2, 5
7.1, 0.23, 0.28, 1.9, 0.046, 33.0, 103.0, 0.98997, 3.12, 0.31, 12.0, 5
6.1, 0.38, 0.47, 1.4, 0.051, 59.0, 210.0, 0.99309, 3.24, 0.5, 9.6, 5
6.1, 0.28, 0.32, 2.5, 0.042, 23.0, 218.5, 0.9935, 3.27, 0.6, 9.8, 5
6.9, 0.615, 0.42, 12.0, 0.067, 24.0, 131.0, 0.99727, 3.19, 0.34, 9.3, 5
8.0, 0.25, 0.13, 17.2, 0.036, 49.0, 219.0, 0.9996, 2.96, 0.46, 9.7, 5
6.8, 0.24, 0.49, 19.3, 0.057, 55.0, 247.0, 1.00055, 3.0, 0.56, 8.7, 5
7.2, 0.19, 0.39, 1.2, 0.036, 32.0, 85.0, 0.9918, 3.16, 0.5, 10.5, 5
5.4, 0.31, 0.47, 3.0, 0.053, 46.0, 144.0, 0.9931, 3.29, 0.76, 10.0, 5
6.8, 0.21, 0.36, 18.1, 0.046, 32.0, 133.0, 1.0, 3.27, 0.48, 8.8, 5
6.9, 0.35, 0.55, 11.95, 0.038, 22.0, 111.0, 0.99687, 3.11, 0.29, 9.7, 5
6.9, 0.19, 0.35, 5.0, 0.067, 32.0, 150.0, 0.995, 3.36, 0.48, 9.8, 5
8.3, 0.27, 0.39, 2.4, 0.058, 16.0, 107.0, 0.9955, 3.28, 0.59, 10.3, 5
6.1, 0.34, 0.21, 5.0, 0.042, 17.0, 133.0, 0.99373, 3.02, 0.53, 9.4, 5
6.2, 0.47, 0.21, 1.0, 0.044, 13.0, 98.0, 0.99345, 3.14, 0.46, 9.2, 5
8.9, 0.13, 0.49, 1.0, 0.028, 6.0, 24.0, 0.9926, 2.91, 0.32, 9.9, 5
7.2, 0.34, 0.28, 10.4, 0.108, 43.0, 187.0, 0.99738, 2.96, 0.57, 9.4, 5
6.9, 0.4, 0.56, 11.2, 0.043, 40.0, 142.0, 0.9975, 3.14, 0.46, 8.7, 5
8.0, 0.29, 0.49, 11.7, 0.035, 40.0, 131.0, 0.9958, 3.14, 0.34, 10.8, 5
6.4, 0.41, 0.01, 6.1, 0.048, 20.0, 70.0, 0.99362, 3.19, 0.42, 10.0, 5
6.7, 0.34, 0.31, 16.4, 0.051, 20.0, 146.0, 0.99834, 3.06, 0.54, 9.1, 5
7.6, 0.25, 0.34, 1.3, 0.056, 34.0, 176.0, 0.99434, 3.1, 0.51, 9.5, 5
7.7, 0.28, 0.35, 15.3, 0.056, 31.0, 117.0, 0.9998, 3.27, 0.5, 9.6, 5
7.4, 0.29, 0.31, 1.7, 0.035, 23.0, 110.0, 0.9926, 3.07, 0.38, 10.9, 5
6.9, 0.37, 0.23, 9.5, 0.057, 54.0, 166.0, 0.99568, 3.23, 0.42, 10.0, 5
6.7, 0.5, 0.38, 7.5, 0.046, 26.0, 175.0, 0.99662, 3.32, 0.54, 9.6, 5
9.8, 0.31, 0.49, 15.4, 0.046, 13.0, 119.0, 1.0004, 3.18, 0.45, 9.5, 5
6.8, 0.22, 0.3, 13.6, 0.055, 50.0, 180.0, 0.9984, 3.44, 0.39, 9.8, 5
6.4, 0.16, 0.31, 5.3, 0.043, 42.0, 157.0, 0.99455, 3.35, 0.47, 10.5, 5
6.8, 0.24, 0.31, 18.3, 0.046, 40.0, 142.0, 1.0, 3.3, 0.41, 8.7, 5
7.2, 0.15, 0.33, 1.1, 0.027, 16.0, 63.0, 0.9937, 3.37, 0.4, 9.9, 5
7.1, 0.18, 0.39, 14.5, 0.051, 48.0, 156.0, 0.99947, 3.35, 0.78, 9.1, 5
6.4, 0.29, 0.2, 15.6, 0.04, 20.0, 142.0, 0.9962, 3.1, 0.54, 10.6, 5
6.0, 0.33, 0.27, 0.8, 0.185, 12.0, 188.0, 0.9924, 3.12, 0.62, 9.4, 5
7.0, 0.21, 0.34, 8.0, 0.057, 19.0, 101.0, 0.9954, 2.99, 0.59, 9.4, 5
5.7, 0.245, 0.33, 1.1, 0.049, 28.0, 150.0, 0.9927, 3.13, 0.42, 9.3, 5
6.5, 0.3, 0.29, 2.25, 0.037, 8.0, 210.0, 0.9937, 3.19, 0.62, 9.9, 5
6.2, 0.21, 0.26, 13.1, 0.05, 59.0, 150.0, 0.99772, 3.31, 0.46, 9.0, 5
6.5, 0.23, 0.38, 1.3, 0.032, 29.0, 112.0, 0.99298, 3.29, 0.54, 9.7, 5
6.7, 0.23, 0.17, 1.3, 0.061, 14.0, 100.0, 0.9925, 3.07, 0.55, 9.5, 5
7.4, 0.32, 0.27, 12.9, 0.04, 60.0, 221.0, 0.99831, 3.05, 0.66, 9.4, 5
8.1, 0.46, 0.31, 1.7, 0.052, 50.0, 183.0, 0.9923, 3.03, 0.42, 11.2, 5
5.9, 0.37, 0.14, 6.3, 0.036, 34.0, 185.0, 0.9944, 3.17, 0.63, 9.8, 5
7.7, 0.31, 0.23, 2.0, 0.069, 29.0, 134.0, 0.99382, 3.11, 0.62, 9.8, 5
8.3, 0.22, 0.38, 14.8, 0.054, 32.0, 126.0, 1.0002, 3.22, 0.5, 9.7, 5
7.2, 0.29, 0.18, 8.2, 0.042, 41.0, 180.0, 0.99644, 3.16, 0.49, 9.1, 5
7.1, 0.26, 0.3, 2.0, 0.031, 13.0, 128.0, 0.9917, 3.19, 0.49, 11.4, 5
6.6, 0.28, 0.3, 7.8, 0.049, 57.0, 202.0, 0.9958, 3.24, 0.39, 9.5, 5
7.0, 0.29, 0.33, 0.9, 0.041, 20.0, 117.0, 0.99048, 3.21, 0.5, 11.4, 5
8.1, 0.2, 0.3, 1.3, 0.036, 7.0, 49.0, 0.99242, 2.99, 0.73, 10.3, 5
6.3, 0.36, 0.2, 2.0, 0.048, 48.0, 191.0, 0.9929, 3.17, 0.51, 9.6, 5
7.7, 0.34, 0.3, 8.0, 0.048, 25.0, 192.0, 0.9951, 2.97, 0.47, 10.9, 5
6.5, 0.26, 0.5, 8.0, 0.051, 46.0, 197.0, 0.99536, 3.18, 0.47, 9.5, 5
7.6, 0.39, 0.46, 11.7, 0.084, 55.0, 170.0, 0.99773, 2.91, 0.51, 9.0, 5
6.6, 0.32, 0.47, 15.6, 0.063, 27.0, 173.0, 0.99872, 3.18, 0.56, 9.0, 5
7.2, 0.21, 0.41, 1.3, 0.036, 33.0, 85.0, 0.992, 3.17, 0.51, 10.4, 5
6.4, 0.21, 0.44, 7.4, 0.045, 47.0, 182.0, 0.9957, 3.24, 0.46, 9.1, 5
7.2, 0.29, 0.2, 7.7, 0.046, 51.0, 174.0, 0.99582, 3.16, 0.52, 9.5, 5
9.2, 0.23, 0.35, 10.7, 0.037, 34.0, 145.0, 0.9981, 3.09, 0.32, 9.7, 5
9.0, 0.55, 0.3, 8.1, 0.026, 14.0, 71.0, 0.993, 2.94, 0.36, 11.8, 5
7.5, 0.28, 0.41, 1.3, 0.044, 11.0, 126.0, 0.99293, 3.28, 0.45, 10.3, 5
6.3, 0.39, 0.35, 5.9, 0.04, 82.5, 260.0, 0.9941, 3.12, 0.66, 10.1, 5
6.6, 0.26, 0.56, 15.4, 0.053, 32.0, 141.0, 0.9981, 3.11, 0.49, 9.3, 5
6.6, 0.33, 0.24, 16.05, 0.045, 31.0, 147.0, 0.99822, 3.08, 0.52, 9.2, 5
6.8, 0.32, 0.3, 1.0, 0.049, 22.0, 113.0, 0.99289, 3.24, 0.61, 10.2, 5
6.0, 0.21, 0.3, 8.7, 0.036, 47.0, 127.0, 0.99368, 3.18, 0.39, 10.6, 5
6.4, 0.21, 0.21, 5.1, 0.097, 21.0, 105.0, 0.9939, 3.07, 0.46, 9.6, 5
6.3, 0.27, 0.18, 7.7, 0.048, 45.0, 186.0, 0.9962, 3.23, 0.47, 9.0, 5
6.8, 0.34, 0.44, 6.6, 0.052, 28.0, 156.0, 0.9955, 3.14, 0.41, 9.6, 5
6.7, 0.18, 0.3, 6.4, 0.048, 40.0, 251.0, 0.9956, 3.29, 0.52, 10.0, 5
7.5, 0.32, 0.26, 1.8, 0.042, 13.0, 133.0, 0.9938, 3.07, 0.38, 9.5, 5
6.4, 0.26, 0.4, 1.7, 0.179, 5.0, 60.0, 0.9925, 3.09, 0.54, 10.1, 5
6.4, 0.22, 0.3, 11.2, 0.046, 53.0, 149.0, 0.99479, 3.21, 0.34, 10.8, 5
6.0, 0.36, 0.16, 6.3, 0.036, 36.0, 191.0, 0.9942, 3.17, 0.62, 9.8, 5
6.7, 0.14, 0.46, 1.6, 0.036, 15.0, 92.0, 0.99264, 3.37, 0.49, 10.9, 5
7.2, 0.34, 0.3, 8.4, 0.051, 40.0, 167.0, 0.99756, 3.48, 0.62, 9.7, 5
5.9, 0.44, 0.33, 1.2, 0.049, 12.0, 117.0, 0.99134, 3.46, 0.44, 11.5, 5
8.6, 0.31, 0.3, 0.9, 0.045, 16.0, 109.0, 0.99249, 2.95, 0.39, 10.1, 5
6.6, 0.31, 0.49, 7.7, 0.05, 52.0, 220.0, 0.9964, 3.12, 0.45, 8.8, 5
6.15, 0.21, 0.37, 3.2, 0.021, 20.0, 80.0, 0.99076, 3.39, 0.47, 12.0, 5
6.8, 0.3, 0.24, 6.6, 0.123, 35.0, 116.0, 0.9953, 3.07, 0.48, 9.4, 5
7.3, 0.31, 0.69, 10.2, 0.041, 58.0, 160.0, 0.9977, 3.06, 0.45, 8.6, 5
6.1, 0.2, 0.4, 1.9, 0.028, 32.0, 138.0, 0.9914, 3.26, 0.72, 11.7, 5
9.6, 0.23, 0.4, 1.5, 0.044, 19.0, 135.0, 0.9937, 2.96, 0.49, 10.9, 5
5.8, 0.22, 0.3, 1.1, 0.047, 36.0, 131.0, 0.992, 3.26, 0.45, 10.4, 5
6.8, 0.3, 0.23, 4.6, 0.061, 50.5, 238.5, 0.9958, 3.32, 0.6, 9.5, 5
6.7, 0.25, 0.13, 1.2, 0.041, 81.0, 174.0, 0.992, 3.14, 0.42, 9.8, 5
6.7, 0.35, 0.48, 8.8, 0.056, 35.0, 167.0, 0.99628, 3.04, 0.47, 9.4, 5
6.4, 0.24, 0.26, 8.2, 0.054, 47.0, 182.0, 0.99538, 3.12, 0.5, 9.5, 5
7.6, 0.23, 0.4, 5.2, 0.066, 14.0, 91.0, 0.99488, 3.17, 0.8, 9.7, 5
8.3, 0.14, 0.36, 8.8, 0.026, 13.0, 60.0, 0.9956, 3.13, 0.35, 11.05, 5
7.2, 0.2, 0.22, 1.6, 0.044, 17.0, 101.0, 0.99471, 3.37, 0.53, 10.0, 5
7.2, 0.31, 0.26, 7.3, 0.05, 37.0, 157.0, 0.99625, 3.09, 0.43, 9.0, 5
6.1, 0.43, 0.35, 9.1, 0.059, 83.0, 249.0, 0.9971, 3.37, 0.5, 8.5, 5
6.6, 0.3, 0.24, 1.2, 0.034, 17.0, 121.0, 0.9933, 3.13, 0.36, 9.2, 5
7.7, 0.25, 0.3, 7.8, 0.038, 67.0, 196.0, 0.99555, 3.1, 0.5, 10.1, 5
7.6, 0.23, 0.34, 1.6, 0.043, 24.0, 129.0, 0.99305, 3.12, 0.7, 10.4, 5
7.5, 0.31, 0.51, 14.8, 0.039, 62.0, 204.0, 0.9982, 3.06, 0.6, 9.5, 5
6.2, 0.46, 0.25, 4.4, 0.066, 62.0, 207.0, 0.9939, 3.25, 0.52, 9.8, 5
6.9, 0.28, 0.37, 9.1, 0.037, 16.0, 76.0, 0.9948, 3.05, 0.54, 11.1, 5
6.7, 0.24, 0.29, 14.9, 0.053, 55.0, 136.0, 0.99839, 3.03, 0.52, 9.0, 5
6.4, 0.62, 0.12, 4.7, 0.06, 33.0, 196.0, 0.99556, 3.22, 0.48, 8.9, 5
6.6, 0.26, 0.22, 18.15, 0.05, 23.0, 139.0, 0.99904, 3.06, 0.5, 9.2, 5
7.4, 0.27, 0.26, 11.8, 0.053, 55.0, 173.0, 0.99699, 3.11, 0.6, 9.8, 5
7.0, 0.44, 0.24, 12.1, 0.056, 68.0, 210.0, 0.99718, 3.05, 0.5, 9.5, 5
6.3, 0.305, 0.22, 16.0, 0.061, 26.0, 141.0, 0.99824, 3.08, 0.5, 9.1, 5
6.2, 0.36, 0.14, 8.9, 0.036, 38.0, 155.0, 0.99622, 3.27, 0.5, 9.4, 5
6.8, 0.18, 0.21, 5.4, 0.053, 34.0, 104.0, 0.99445, 3.3, 0.43, 9.4, 5
6.8, 0.28, 0.39, 1.4, 0.036, 15.0, 115.0, 0.9918, 3.27, 0.72, 11.7, 5
6.3, 0.18, 0.22, 5.6, 0.047, 45.0, 147.0, 0.99383, 3.09, 0.54, 10.0, 5
7.6, 0.28, 0.49, 20.15, 0.06, 30.0, 145.0, 1.00196, 3.01, 0.44, 8.5, 5
9.2, 0.28, 0.46, 3.2, 0.058, 39.0, 133.0, 0.996, 3.14, 0.58, 9.5, 5
5.3, 0.21, 0.29, 0.7, 0.028, 11.0, 66.0, 0.99215, 3.3, 0.4, 9.8, 5
7.3, 0.28, 0.35, 1.6, 0.054, 31.0, 148.0, 0.99178, 3.18, 0.47, 10.7, 5
7.3, 0.25, 0.39, 6.4, 0.034, 8.0, 84.0, 0.9942, 3.18, 0.46, 11.5, 5
7.2, 0.16, 0.26, 7.1, 0.054, 41.0, 224.0, 0.9966, 3.38, 0.55, 10.1, 5
7.4, 0.33, 0.26, 15.6, 0.049, 67.0, 210.0, 0.99907, 3.06, 0.68, 9.5, 5
6.5, 0.27, 0.4, 10.0, 0.039, 74.0, 227.0, 0.99582, 3.18, 0.5, 9.4, 5
6.4, 0.33, 0.44, 8.9, 0.055, 52.0, 164.0, 0.99488, 3.1, 0.48, 9.6, 5
6.2, 0.28, 0.43, 13.0, 0.039, 64.0, 233.0, 0.99745, 3.08, 0.38, 8.9, 5
6.3, 0.33, 0.2, 17.9, 0.066, 36.0, 161.0, 0.9991, 3.14, 0.51, 8.8, 5
6.9, 0.4, 0.17, 12.9, 0.033, 59.0, 186.0, 0.99754, 3.08, 0.49, 9.4, 5
6.6, 0.24, 0.28, 1.8, 0.028, 39.0, 132.0, 0.99182, 3.34, 0.46, 11.4, 5
6.9, 0.38, 0.25, 9.8, 0.04, 28.0, 191.0, 0.9971, 3.28, 0.61, 9.2, 5
6.6, 0.24, 0.35, 7.7, 0.031, 36.0, 135.0, 0.9938, 3.19, 0.37, 10.5, 5
7.3, 0.25, 0.29, 7.5, 0.049, 38.0, 158.0, 0.9965, 3.43, 0.38, 9.6, 5
7.4, 0.25, 0.37, 13.5, 0.06, 52.0, 192.0, 0.9975, 3.0, 0.44, 9.1, 5
6.9, 0.32, 0.13, 7.8, 0.042, 11.0, 117.0, 0.996, 3.23, 0.37, 9.2, 5
7.9, 0.29, 0.31, 7.35, 0.034, 37.0, 154.0, 0.9938, 3.06, 0.31, 10.8, 5
6.7, 0.42, 0.46, 9.7, 0.054, 67.0, 234.0, 0.99848, 3.23, 0.5, 9.0, 5
7.3, 0.3, 0.25, 2.5, 0.045, 32.0, 122.0, 0.99329, 3.18, 0.54, 10.3, 5
6.6, 0.22, 0.53, 15.1, 0.052, 22.0, 136.0, 0.9986, 2.94, 0.35, 9.4, 5
6.5, 0.2, 0.24, 9.2, 0.044, 25.0, 150.0, 0.99502, 3.22, 0.44, 10.5, 5
5.0, 0.24, 0.19, 5.0, 0.043, 17.0, 101.0, 0.99438, 3.67, 0.57, 10.0, 5
6.3, 0.27, 0.18, 7.7, 0.048, 45.0, 186.0, 0.9962, 3.23, 0.47, 9.0, 5
7.6, 0.27, 0.29, 2.5, 0.059, 37.0, 115.0, 0.99328, 3.09, 0.37, 9.8, 5
7.0, 0.12, 0.28, 6.3, 0.057, 17.0, 103.0, 0.9957, 3.5, 0.44, 9.6, 5
6.9, 0.32, 0.13, 7.8, 0.042, 11.0, 117.0, 0.996, 3.23, 0.37, 9.2, 5
6.3, 0.29, 0.14, 7.05, 0.045, 50.0, 177.0, 0.99564, 3.23, 0.42, 9.0, 5
5.8, 0.34, 0.21, 7.2, 0.041, 48.0, 146.0, 0.99441, 3.16, 0.49, 9.8, 5
6.6, 0.24, 0.35, 7.7, 0.031, 36.0, 135.0, 0.9938, 3.19, 0.37, 10.5, 5
8.4, 0.57, 0.44, 10.7, 0.051, 46.0, 195.0, 0.9981, 3.15, 0.51, 10.4, 5
5.1, 0.21, 0.28, 1.4, 0.047, 48.0, 148.0, 0.99168, 3.5, 0.49, 10.4, 5
6.5, 0.25, 0.27, 15.2, 0.049, 75.0, 217.0, 0.9972, 3.19, 0.39, 9.9, 5
6.7, 0.2, 0.37, 1.65, 0.025, 42.0, 103.0, 0.99022, 3.11, 0.45, 11.4, 5
6.6, 0.25, 0.36, 8.1, 0.045, 54.0, 180.0, 0.9958, 3.08, 0.42, 9.2, 5
7.8, 0.27, 0.28, 1.8, 0.05, 21.0, 127.0, 0.9934, 3.15, 0.44, 9.9, 5
6.4, 0.28, 0.45, 8.6, 0.057, 47.0, 223.0, 0.99654, 3.16, 0.51, 9.1, 5
9.4, 0.16, 0.23, 1.6, 0.042, 14.0, 67.0, 0.9942, 3.07, 0.32, 9.5, 5
6.2, 0.25, 0.54, 7.0, 0.046, 58.0, 176.0, 0.99454, 3.19, 0.7, 10.4, 5
8.0, 0.23, 0.41, 1.1, 0.048, 35.0, 150.0, 0.99168, 3.09, 0.47, 11.2, 5
7.9, 0.21, 0.39, 2.0, 0.057, 21.0, 138.0, 0.99176, 3.05, 0.52, 10.9, 5
6.1, 0.16, 0.27, 12.6, 0.064, 63.0, 162.0, 0.9994, 3.66, 0.43, 8.9, 5
7.3, 0.24, 0.39, 17.95, 0.057, 45.0, 149.0, 0.9999, 3.21, 0.36, 8.6, 5
8.7, 0.24, 0.35, 0.6, 0.042, 11.0, 71.0, 0.9926, 3.08, 0.38, 10.6, 5
8.2, 0.38, 0.49, 13.6, 0.042, 58.0, 166.0, 0.99855, 3.1, 0.54, 9.4, 5
7.1, 0.32, 0.24, 13.1, 0.05, 52.0, 204.0, 0.998, 3.1, 0.49, 8.8, 5
7.4, 0.33, 0.26, 15.6, 0.049, 67.0, 210.0, 0.99907, 3.06, 0.68, 9.5, 5
6.7, 0.24, 0.26, 12.6, 0.053, 44.0, 182.0, 0.99802, 3.42, 0.42, 9.7, 5
7.1, 0.33, 0.64, 13.2, 0.056, 12.0, 105.0, 0.9972, 3.05, 0.39, 9.2, 5
6.8, 0.37, 0.51, 11.8, 0.044, 62.0, 163.0, 0.9976, 3.19, 0.44, 8.8, 5
7.6, 0.36, 0.49, 11.3, 0.046, 87.0, 221.0, 0.9984, 3.01, 0.43, 9.2, 5
7.5, 0.41, 0.23, 14.8, 0.054, 28.0, 174.0, 0.99898, 3.18, 0.49, 9.7, 5
7.4, 0.31, 0.26, 8.6, 0.048, 47.0, 206.0, 0.9964, 3.26, 0.36, 9.1, 5
6.9, 0.4, 0.17, 12.9, 0.033, 59.0, 186.0, 0.99754, 3.08, 0.49, 9.4, 5
8.3, 0.2, 0.49, 1.7, 0.04, 34.0, 169.0, 0.9938, 3.05, 0.37, 10.1, 5
6.2, 0.36, 0.14, 8.9, 0.036, 38.0, 155.0, 0.99622, 3.27, 0.5, 9.4, 5
7.3, 0.33, 0.22, 1.4, 0.041, 40.0, 177.0, 0.99287, 3.14, 0.48, 9.9, 5
7.8, 0.13, 0.3, 1.8, 0.04, 43.0, 179.0, 0.9955, 3.43, 0.41, 9.0, 5
7.0, 0.27, 0.29, 3.9, 0.059, 28.0, 199.0, 0.9961, 3.54, 0.59, 10.3, 5
6.0, 0.555, 0.26, 4.5, 0.053, 17.0, 126.0, 0.9943, 3.24, 0.46, 9.1, 5
7.4, 0.22, 0.33, 2.0, 0.045, 31.0, 101.0, 0.9931, 3.42, 0.55, 11.4, 5
7.2, 0.23, 0.25, 18.8, 0.085, 19.0, 111.0, 1.00044, 3.1, 0.51, 8.7, 5
8.4, 0.31, 0.31, 0.95, 0.021, 52.0, 148.0, 0.99038, 2.93, 0.32, 11.5, 5
5.7, 0.26, 0.24, 17.8, 0.059, 23.0, 124.0, 0.99773, 3.3, 0.5, 10.1, 5
6.2, 0.25, 0.44, 15.8, 0.057, 39.0, 167.0, 0.99804, 3.14, 0.51, 9.2, 5
6.4, 0.27, 0.32, 4.5, 0.24, 61.0, 174.0, 0.9948, 3.12, 0.48, 9.4, 5
8.4, 0.4, 0.7, 13.1, 0.042, 29.0, 197.0, 0.998, 3.06, 0.64, 9.7, 5
8.0, 0.37, 0.31, 4.7, 0.038, 3.0, 127.0, 0.99186, 2.9, 0.72, 12.1, 5
5.8, 0.33, 0.2, 16.05, 0.047, 26.0, 166.0, 0.9976, 3.09, 0.46, 8.9, 5
6.7, 0.41, 0.01, 2.8, 0.048, 39.0, 137.0, 0.9942, 3.24, 0.35, 9.5, 5
6.8, 0.35, 0.44, 6.5, 0.056, 31.0, 161.0, 0.9952, 3.14, 0.44, 9.5, 5
6.9, 0.18, 0.33, 1.0, 0.054, 24.0, 164.0, 0.9926, 3.42, 0.51, 10.5, 5
7.9, 0.345, 0.51, 15.3, 0.047, 54.0, 171.0, 0.9987, 3.09, 0.51, 9.1, 5
7.8, 0.23, 0.28, 4.75, 0.042, 45.0, 166.0, 0.9928, 2.96, 0.4, 11.5, 5
8.1, 0.28, 0.49, 1.0, 0.04, 32.0, 148.0, 0.9936, 3.13, 0.41, 10.0, 6
6.1, 0.27, 0.31, 3.9, 0.034, 42.0, 137.0, 0.99218, 3.24, 0.46, 10.9, 6
6.6, 0.3, 0.25, 8.0, 0.036, 21.0, 124.0, 0.99362, 3.06, 0.38, 10.8, 6
8.0, 0.26, 0.28, 8.2, 0.038, 72.0, 202.0, 0.99566, 3.12, 0.56, 10.0, 6
6.4, 0.24, 0.32, 14.9, 0.047, 54.0, 162.0, 0.9968, 3.28, 0.5, 10.2, 6
5.9, 0.24, 0.12, 1.4, 0.035, 60.0, 247.0, 0.99358, 3.34, 0.44, 9.6, 6
5.6, 0.27, 0.37, 0.9, 0.025, 11.0, 49.0, 0.98845, 3.29, 0.33, 13.1, 6
6.7, 0.22, 0.39, 1.2, 0.049, 26.0, 152.0, 0.99346, 3.5, 0.47, 10.0, 6
7.3, 0.22, 0.41, 15.4, 0.05, 55.0, 191.0, 1.0, 3.32, 0.59, 8.9, 6
6.8, 0.23, 0.32, 1.6, 0.026, 43.0, 147.0, 0.9904, 3.29, 0.54, 12.5, 6
6.8, 0.28, 0.29, 11.9, 0.052, 51.0, 149.0, 0.99544, 3.02, 0.58, 10.4, 6
7.0, 0.26, 0.34, 10.9, 0.038, 25.0, 84.0, 0.99432, 3.11, 0.34, 10.9, 6
8.8, 0.23, 0.35, 10.7, 0.04, 26.0, 183.0, 0.9984, 2.93, 0.49, 9.1, 6
6.5, 0.25, 0.27, 17.4, 0.064, 29.0, 140.0, 0.99776, 3.2, 0.49, 10.1, 6
6.5, 0.28, 0.27, 5.2, 0.04, 44.0, 179.0, 0.9948, 3.19, 0.69, 9.4, 6
7.2, 0.37, 0.4, 11.6, 0.032, 34.0, 214.0, 0.9963, 3.1, 0.51, 9.8, 6
7.7, 0.16, 0.36, 5.9, 0.054, 25.0, 148.0, 0.99578, 3.25, 0.54, 10.2, 6
7.0, 0.19, 0.33, 6.3, 0.032, 42.0, 127.0, 0.99182, 3.31, 0.38, 12.2, 6
5.6, 0.19, 0.46, 1.1, 0.032, 33.0, 115.0, 0.9909, 3.36, 0.5, 10.4, 6
6.1, 0.25, 0.28, 10.0, 0.055, 56.0, 131.0, 0.994, 3.22, 0.35, 10.9, 6
7.0, 0.2, 0.31, 8.0, 0.05, 29.0, 213.0, 0.99596, 3.28, 0.57, 10.4, 6
7.5, 0.38, 0.56, 9.7, 0.055, 15.0, 170.0, 0.99605, 3.13, 0.65, 9.9, 6
7.1, 0.55, 0.13, 1.7, 0.073, 21.0, 165.0, 0.994, 2.97, 0.58, 9.2, 6
5.9, 0.445, 0.26, 1.4, 0.027, 23.0, 109.0, 0.99148, 3.3, 0.36, 10.5, 6
6.0, 0.27, 0.3, 14.7, 0.044, 15.0, 144.0, 0.99666, 3.12, 0.53, 10.3, 6
7.0, 0.16, 0.32, 1.1, 0.032, 29.0, 80.0, 0.98972, 3.23, 0.36, 12.1, 6
6.6, 0.37, 0.47, 6.5, 0.061, 23.0, 150.0, 0.9954, 3.14, 0.45, 9.6, 6
6.4, 0.69, 0.09, 7.6, 0.044, 34.0, 144.0, 0.9948, 3.26, 0.38, 10.1, 6
8.4, 0.27, 0.46, 8.7, 0.048, 39.0, 197.0, 0.9974, 3.14, 0.59, 9.6, 6
6.4, 0.17, 0.32, 2.4, 0.048, 41.0, 200.0, 0.9938, 3.5, 0.5, 9.7, 6
6.3, 0.15, 0.34, 11.4, 0.05, 25.0, 96.0, 0.99754, 3.21, 0.49, 10.0, 6
7.4, 0.18, 0.3, 10.4, 0.045, 44.0, 174.0, 0.9966, 3.11, 0.57, 9.7, 6
9.2, 0.71, 0.23, 6.2, 0.042, 15.0, 93.0, 0.9948, 2.89, 0.34, 10.1, 6
8.0, 0.27, 0.33, 1.2, 0.05, 41.0, 103.0, 0.99002, 3.0, 0.45, 12.4, 6
6.9, 0.24, 0.35, 1.0, 0.052, 35.0, 146.0, 0.993, 3.45, 0.44, 10.0, 6
7.0, 0.21, 0.37, 7.2, 0.042, 36.0, 167.0, 0.9958, 3.26, 0.56, 9.8, 6
6.4, 0.18, 0.32, 9.6, 0.052, 24.0, 90.0, 0.9963, 3.35, 0.49, 9.4, 6
6.8, 0.28, 0.36, 1.6, 0.04, 25.0, 87.0, 0.9924, 3.23, 0.66, 10.3, 6
5.6, 0.225, 0.24, 9.8, 0.054, 59.0, 140.0, 0.99545, 3.17, 0.39, 10.2, 6
6.1, 0.22, 0.38, 2.8, 0.144, 12.0, 65.0, 0.9908, 2.95, 0.64, 11.4, 6
6.6, 0.21, 0.5, 8.7, 0.036, 41.0, 191.0, 0.99294, 2.96, 0.56, 11.0, 6
5.8, 0.23, 0.2, 2.0, 0.043, 39.0, 154.0, 0.99226, 3.21, 0.39, 10.2, 6
7.2, 0.21, 1.0, 1.1, 0.154, 46.0, 114.0, 0.9931, 2.95, 0.43, 9.2, 6
5.9, 0.34, 0.25, 2.0, 0.042, 12.0, 110.0, 0.99034, 3.02, 0.54, 11.4, 6
7.2, 0.15, 0.38, 1.2, 0.038, 18.0, 110.0, 0.9917, 3.19, 0.43, 11.1, 6
7.2, 0.16, 0.49, 1.3, 0.037, 27.0, 104.0, 0.9924, 3.23, 0.57, 10.6, 6
7.2, 0.34, 0.2, 5.8, 0.062, 52.0, 203.0, 0.99461, 3.17, 0.44, 9.8, 6
6.7, 0.32, 0.32, 1.7, 0.031, 31.0, 114.0, 0.98946, 3.12, 0.35, 12.5, 6
5.8, 0.27, 0.4, 1.2, 0.076, 47.0, 130.0, 0.99185, 3.13, 0.45, 10.3, 6
6.5, 0.29, 0.3, 9.15, 0.051, 25.0, 166.0, 0.99339, 3.24, 0.56, 11.35, 6
6.8, 0.32, 0.21, 2.2, 0.044, 15.0, 68.0, 0.9932, 3.17, 0.39, 9.4, 6
5.2, 0.36, 0.02, 1.6, 0.031, 24.0, 104.0, 0.9896, 3.44, 0.35, 12.2, 6
8.5, 0.19, 0.49, 3.5, 0.044, 29.0, 117.0, 0.9938, 3.14, 0.51, 10.1, 6
7.7, 0.26, 0.31, 1.3, 0.043, 47.0, 155.0, 0.9937, 3.42, 0.5, 10.1, 6
5.9, 0.25, 0.24, 7.4, 0.044, 21.0, 113.0, 0.99462, 3.38, 0.58, 10.5, 6
7.6, 0.27, 0.25, 13.9, 0.05, 45.0, 199.0, 0.9984, 3.34, 0.5, 9.8, 6
6.8, 0.28, 0.35, 2.3, 0.042, 16.0, 85.0, 0.9906, 3.19, 0.56, 12.4, 6
6.6, 0.28, 0.34, 0.8, 0.037, 42.0, 119.0, 0.9888, 3.03, 0.37, 12.5, 6
7.4, 0.15, 0.42, 1.7, 0.045, 49.0, 154.0, 0.992, 3.0, 0.6, 10.4, 6
7.3, 0.29, 0.3, 13.0, 0.043, 46.0, 238.0, 0.9986, 3.06, 0.41, 8.7, 6
6.3, 0.4, 0.32, 10.6, 0.049, 38.0, 209.0, 0.9981, 3.47, 0.59, 9.3, 6
6.9, 0.23, 0.41, 8.0, 0.03, 30.0, 114.0, 0.99368, 3.22, 0.54, 11.0, 6
6.0, 0.39, 0.26, 2.7, 0.038, 39.0, 187.0, 0.99325, 3.41, 0.5, 10.8, 6
7.9, 0.3, 0.27, 8.5, 0.036, 20.0, 112.0, 0.9939, 2.96, 0.46, 11.7, 6
6.2, 0.36, 0.45, 10.4, 0.06, 22.0, 184.0, 0.99711, 3.31, 0.56, 9.8, 6
7.8, 0.31, 0.4, 1.6, 0.027, 20.0, 87.0, 0.9911, 3.15, 0.48, 11.9, 6
5.4, 0.27, 0.22, 4.6, 0.022, 29.0, 107.0, 0.98889, 3.33, 0.54, 13.8, 6
6.0, 0.2, 0.24, 1.8, 0.03, 30.0, 105.0, 0.9909, 3.31, 0.47, 11.5, 6
6.9, 0.23, 0.4, 7.5, 0.04, 50.0, 151.0, 0.9927, 3.11, 0.27, 11.4, 6
6.6, 0.64, 0.28, 4.4, 0.032, 19.0, 78.0, 0.99036, 3.11, 0.62, 12.9, 6
5.7, 0.21, 0.24, 2.3, 0.047, 60.0, 189.0, 0.995, 3.65, 0.72, 10.1, 6
7.7, 0.29, 0.48, 2.3, 0.049, 36.0, 178.0, 0.9931, 3.17, 0.64, 10.6, 6
8.2, 0.22, 0.3, 1.8, 0.047, 47.0, 185.0, 0.9933, 3.13, 0.5, 10.2, 6
7.8, 0.42, 0.23, 8.8, 0.054, 42.0, 215.0, 0.9971, 3.02, 0.58, 9.2, 6
5.6, 0.2, 0.36, 2.5, 0.048, 16.0, 125.0, 0.99282, 3.49, 0.49, 10.0, 6
6.2, 0.3, 0.49, 11.2, 0.058, 68.0, 215.0, 0.99656, 3.19, 0.6, 9.4, 6
6.0, 0.31, 0.24, 3.3, 0.041, 25.0, 143.0, 0.9914, 3.31, 0.44, 11.3, 6
6.9, 0.19, 0.35, 13.5, 0.038, 49.0, 118.0, 0.99546, 3.0, 0.63, 10.7, 6
8.4, 0.2, 0.38, 11.8, 0.055, 51.0, 170.0, 1.0004, 3.34, 0.82, 8.9, 6
6.8, 0.23, 0.48, 1.5, 0.036, 35.0, 165.0, 0.99162, 3.18, 0.45, 11.3, 6
6.2, 0.32, 0.45, 2.9, 0.029, 37.0, 94.0, 0.98998, 3.25, 0.6, 12.4, 6
6.8, 0.23, 0.4, 1.6, 0.047, 5.0, 133.0, 0.993, 3.23, 0.7, 11.4, 6
6.5, 0.19, 0.3, 0.8, 0.043, 33.0, 144.0, 0.9936, 3.42, 0.39, 9.1, 6
6.6, 0.26, 0.27, 1.5, 0.04, 19.0, 114.0, 0.99295, 3.36, 0.62, 10.5, 6
6.3, 0.23, 0.22, 17.45, 0.054, 42.0, 151.0, 0.99853, 3.12, 0.6, 9.3, 6
6.8, 0.21, 0.74, 1.2, 0.047, 25.0, 111.0, 0.9916, 3.13, 0.41, 10.7, 6
8.5, 0.19, 0.48, 1.1, 0.026, 23.0, 58.0, 0.99184, 2.9, 0.5, 10.5, 6
5.8, 0.23, 0.21, 1.5, 0.044, 21.0, 110.0, 0.99138, 3.3, 0.57, 11.0, 6
7.2, 0.39, 0.63, 11.0, 0.044, 55.0, 156.0, 0.9974, 3.09, 0.44, 8.7, 6
6.3, 0.48, 0.04, 1.1, 0.046, 30.0, 99.0, 0.9928, 3.24, 0.36, 9.6, 6
8.3, 0.2, 0.74, 4.45, 0.044, 33.0, 130.0, 0.9924, 3.25, 0.42, 12.2, 6
5.6, 0.13, 0.27, 4.8, 0.028, 22.0, 104.0, 0.9948, 3.34, 0.45, 9.2, 6
6.0, 0.28, 0.24, 17.8, 0.047, 42.0, 111.0, 0.99896, 3.1, 0.45, 8.9, 6
6.8, 0.19, 0.34, 1.9, 0.04, 41.0, 108.0, 0.99, 3.25, 0.45, 12.9, 6
6.6, 0.23, 0.26, 1.3, 0.045, 16.0, 128.0, 0.9934, 3.36, 0.6, 10.0, 6
8.2, 0.23, 0.29, 1.8, 0.047, 47.0, 187.0, 0.9933, 3.13, 0.5, 10.2, 6
7.3, 0.16, 0.35, 1.5, 0.036, 29.0, 108.0, 0.99342, 3.27, 0.51, 10.2, 6
6.0, 0.26, 0.33, 4.35, 0.04, 15.0, 80.0, 0.98934, 3.29, 0.5, 12.7, 6
6.0, 0.33, 0.2, 1.8, 0.031, 49.0, 159.0, 0.9919, 3.41, 0.53, 11.0, 6
7.7, 0.26, 0.34, 6.4, 0.05, 36.0, 163.0, 0.9937, 3.19, 0.7, 11.5, 6
6.6, 0.22, 0.23, 17.3, 0.047, 37.0, 118.0, 0.99906, 3.08, 0.46, 8.8, 6
6.4, 0.29, 0.21, 9.65, 0.041, 36.0, 119.0, 0.99334, 2.99, 0.34, 10.9333333333333, 6
7.7, 0.25, 0.49, 2.5, 0.047, 31.0, 169.0, 0.99252, 3.07, 0.57, 10.6, 6
7.1, 0.09, 0.3, 6.2, 0.032, 24.0, 134.0, 0.993, 2.99, 0.39, 10.9, 6
7.8, 0.19, 0.32, 7.4, 0.015, 47.0, 124.0, 0.99278, 2.99, 0.39, 11.0, 6
6.2, 0.18, 0.49, 4.5, 0.047, 17.0, 90.0, 0.9919, 3.27, 0.37, 11.6, 6
6.7, 0.26, 0.29, 5.8, 0.025, 26.0, 74.0, 0.9929, 3.28, 0.53, 11.0, 6
7.3, 0.26, 0.49, 5.0, 0.028, 32.0, 107.0, 0.9936, 3.24, 0.54, 10.8, 6
7.2, 0.25, 0.32, 1.5, 0.054, 24.0, 105.0, 0.99154, 3.17, 0.48, 11.1, 6
6.2, 0.21, 0.29, 1.6, 0.039, 24.0, 92.0, 0.99114, 3.27, 0.5, 11.2, 6
7.4, 0.2, 0.37, 16.95, 0.048, 43.0, 190.0, 0.9995, 3.03, 0.42, 9.2, 6
6.7, 0.53, 0.29, 4.3, 0.069, 20.0, 114.0, 0.99014, 3.22, 0.59, 13.4, 6
7.4, 0.32, 0.55, 16.6, 0.056, 53.0, 238.0, 1.0017, 2.96, 0.58, 8.7, 6
6.6, 0.28, 0.36, 1.7, 0.038, 22.0, 101.0, 0.9912, 3.29, 0.57, 11.6, 6
6.8, 0.11, 0.27, 8.6, 0.044, 45.0, 104.0, 0.99454, 3.2, 0.37, 9.9, 6
6.1, 0.255, 0.44, 12.3, 0.045, 53.0, 197.0, 0.9967, 3.24, 0.54, 9.5, 6
6.5, 0.26, 0.24, 10.8, 0.042, 47.0, 130.0, 0.996, 3.08, 0.4, 10.1, 6
5.7, 0.12, 0.26, 5.5, 0.034, 21.0, 99.0, 0.99324, 3.09, 0.57, 9.9, 6
7.4, 0.16, 0.49, 1.2, 0.055, 18.0, 150.0, 0.9917, 3.23, 0.47, 11.2, 6
5.1, 0.26, 0.34, 6.4, 0.034, 26.0, 99.0, 0.99449, 3.23, 0.41, 9.2, 6
6.8, 0.24, 0.33, 3.2, 0.049, 68.0, 161.0, 0.99324, 3.1, 0.69, 10.2, 6
8.0, 0.3, 0.28, 5.7, 0.044, 31.0, 124.0, 0.9948, 3.16, 0.51, 10.2, 6
7.5, 0.21, 0.34, 1.2, 0.06, 26.0, 111.0, 0.9931, 3.51, 0.47, 10.7, 6
7.5, 0.26, 0.38, 5.7, 0.021, 23.0, 125.0, 0.99338, 3.13, 0.62, 11.1, 6
7.8, 0.43, 0.49, 13.0, 0.033, 37.0, 158.0, 0.9955, 3.14, 0.35, 11.3, 6
6.5, 0.22, 0.34, 12.0, 0.053, 55.0, 177.0, 0.9983, 3.52, 0.44, 9.9, 6
7.2, 0.28, 0.54, 16.7, 0.045, 54.0, 200.0, 0.999, 3.08, 0.49, 9.5, 6
7.9, 0.27, 0.27, 1.7, 0.034, 25.0, 122.0, 0.99088, 2.97, 0.51, 11.9, 6
8.2, 0.34, 0.49, 8.0, 0.046, 55.0, 223.0, 0.996, 3.08, 0.52, 10.7, 6
6.9, 0.34, 0.49, 7.3, 0.045, 61.0, 206.0, 0.9957, 3.09, 0.4, 9.0, 6
6.4, 0.25, 0.33, 1.7, 0.037, 35.0, 113.0, 0.99164, 3.23, 0.66, 10.6, 6
6.3, 0.26, 0.24, 7.2, 0.039, 38.0, 172.0, 0.9958, 3.49, 0.64, 9.7, 6
6.7, 0.19, 0.34, 1.0, 0.022, 22.0, 94.0, 0.9912, 3.23, 0.57, 11.1, 6
6.4, 0.17, 0.3, 2.8, 0.034, 33.0, 125.0, 0.99152, 3.03, 0.49, 10.4, 6
6.1, 0.16, 0.24, 1.4, 0.046, 17.0, 77.0, 0.99319, 3.66, 0.57, 10.3, 6
4.4, 0.46, 0.1, 2.8, 0.024, 31.0, 111.0, 0.98816, 3.48, 0.34, 13.1, 6
6.3, 0.27, 0.49, 1.2, 0.063, 35.0, 92.0, 0.9911, 3.38, 0.42, 12.2, 6
7.7, 0.24, 0.3, 1.4, 0.041, 15.0, 102.0, 0.9929, 3.26, 0.53, 10.4, 6
7.2, 0.24, 0.3, 1.2, 0.037, 11.0, 95.0, 0.98914, 2.96, 0.36, 12.5, 6
5.2, 0.28, 0.29, 1.1, 0.028, 18.0, 69.0, 0.99168, 3.24, 0.54, 10.0, 6
7.7, 0.26, 0.51, 2.6, 0.045, 26.0, 159.0, 0.99126, 3.0, 0.5, 11.2, 6
6.9, 0.14, 0.38, 1.0, 0.041, 22.0, 81.0, 0.99043, 3.03, 0.54, 11.4, 6
7.4, 0.3, 0.49, 8.2, 0.055, 49.0, 188.0, 0.9974, 3.52, 0.58, 9.7, 6
6.3, 0.19, 0.28, 1.8, 0.022, 28.0, 158.0, 0.9907, 3.2, 0.64, 11.4, 6
5.6, 0.295, 0.26, 1.1, 0.035, 40.0, 102.0, 0.99154, 3.47, 0.56, 10.6, 6
6.0, 0.21, 0.38, 0.8, 0.02, 22.0, 98.0, 0.98941, 3.26, 0.32, 11.8, 6
8.3, 0.19, 0.49, 1.2, 0.051, 11.0, 137.0, 0.9918, 3.06, 0.46, 11.0, 6
6.1, 0.41, 0.0, 1.6, 0.063, 36.0, 87.0, 0.9914, 3.27, 0.67, 10.8, 6
5.8, 0.42, 0.3, 2.2, 0.035, 26.0, 129.0, 0.989, 3.32, 0.47, 12.9, 6
6.8, 0.27, 0.3, 13.0, 0.047, 69.0, 160.0, 0.99705, 3.16, 0.5, 9.6, 6
6.8, 0.43, 0.3, 3.5, 0.033, 27.0, 135.0, 0.9906, 3.0, 0.37, 12.0, 6
8.1, 0.2, 0.36, 9.7, 0.044, 63.0, 162.0, 0.997, 3.1, 0.46, 10.0, 6
5.7, 0.21, 0.25, 1.1, 0.035, 26.0, 81.0, 0.9902, 3.31, 0.52, 11.4, 6
7.6, 0.21, 0.44, 1.9, 0.036, 10.0, 119.0, 0.9913, 3.01, 0.7, 12.8, 6
6.6, 0.25, 0.31, 1.5, 0.035, 32.0, 127.0, 0.9921, 3.41, 0.47, 11.3, 6
6.3, 0.26, 0.49, 1.5, 0.052, 34.0, 134.0, 0.9924, 2.99, 0.61, 9.8, 6
7.2, 0.24, 0.29, 3.0, 0.036, 17.0, 117.0, 0.99411, 3.36, 0.68, 10.1, 6
6.1, 0.31, 0.26, 2.2, 0.051, 28.0, 167.0, 0.9926, 3.37, 0.47, 10.4, 6
6.3, 0.24, 0.22, 11.9, 0.05, 65.0, 179.0, 0.99659, 3.06, 0.58, 9.3, 6
7.6, 0.37, 0.34, 3.2, 0.028, 42.0, 162.0, 0.9903, 3.01, 0.33, 12.4, 6
7.2, 0.39, 0.54, 1.4, 0.157, 34.0, 132.0, 0.99449, 3.11, 0.53, 9.0, 6
8.3, 0.17, 0.31, 1.5, 0.049, 48.0, 153.0, 0.9942, 3.12, 0.58, 9.4, 6
6.3, 0.55, 0.45, 13.0, 0.047, 33.0, 182.0, 0.9974, 3.2, 0.46, 9.2, 6
6.0, 0.22, 0.23, 5.0, 0.045, 10.0, 122.0, 0.99261, 2.94, 0.63, 10.0, 6
6.0, 0.28, 0.24, 17.8, 0.047, 42.0, 111.0, 0.99896, 3.1, 0.45, 8.9, 6
6.9, 0.19, 0.28, 3.0, 0.054, 33.0, 99.0, 0.9924, 3.16, 0.4, 10.8, 6
6.5, 0.3, 0.28, 11.45, 0.041, 29.0, 109.0, 0.99418, 2.98, 0.3, 10.9, 6
6.0, 0.34, 0.29, 6.1, 0.046, 29.0, 134.0, 0.99462, 3.48, 0.57, 10.7, 6
6.4, 0.37, 0.49, 13.3, 0.045, 53.0, 243.0, 0.9982, 3.14, 0.48, 8.5, 6
8.1, 0.34, 0.28, 7.5, 0.04, 70.0, 230.0, 0.99558, 3.14, 0.55, 9.8, 6
5.8, 0.28, 0.3, 3.9, 0.026, 36.0, 105.0, 0.98963, 3.26, 0.58, 12.75, 6
6.0, 0.25, 0.4, 5.7, 0.052, 56.0, 152.0, 0.99398, 3.16, 0.88, 10.5, 6
6.3, 0.33, 0.42, 17.2, 0.037, 57.0, 170.0, 0.99884, 3.26, 0.57, 9.4, 6
8.2, 0.2, 0.36, 8.1, 0.035, 60.0, 163.0, 0.9952, 3.05, 0.3, 10.3, 6
6.9, 0.28, 0.28, 12.2, 0.042, 52.0, 139.0, 0.99522, 3.03, 0.56, 10.4, 6
5.8, 0.23, 0.27, 1.8, 0.043, 24.0, 69.0, 0.9933, 3.38, 0.31, 9.4, 6
6.9, 0.14, 0.29, 9.9, 0.056, 30.0, 91.0, 0.99512, 3.19, 0.33, 9.9, 6
5.7, 0.36, 0.21, 6.7, 0.038, 51.0, 166.0, 0.9941, 3.29, 0.63, 10.0, 6
6.2, 0.55, 0.45, 12.0, 0.049, 27.0, 186.0, 0.9974, 3.17, 0.5, 9.3, 6
5.3, 0.36, 0.27, 6.3, 0.028, 40.0, 132.0, 0.99186, 3.37, 0.4, 11.6, 6
6.8, 0.15, 0.41, 12.9, 0.044, 79.5, 183.0, 0.99742, 3.24, 0.78, 10.2, 6
6.3, 0.24, 0.74, 1.4, 0.172, 24.0, 108.0, 0.9932, 3.27, 0.39, 9.9, 6
5.0, 0.33, 0.16, 1.5, 0.049, 10.0, 97.0, 0.9917, 3.48, 0.44, 10.7, 6
5.5, 0.62, 0.33, 1.7, 0.037, 24.0, 118.0, 0.98758, 3.15, 0.39, 13.55, 6
7.6, 0.29, 0.58, 17.5, 0.041, 51.0, 225.0, 0.9997, 3.16, 0.66, 9.5, 6
7.0, 0.23, 0.33, 1.0, 0.043, 46.0, 110.0, 0.99118, 3.04, 0.65, 10.8, 6
7.9, 0.44, 0.26, 4.45, 0.033, 23.0, 100.0, 0.99117, 3.17, 0.52, 12.7, 6
5.8, 0.36, 0.32, 1.7, 0.033, 22.0, 96.0, 0.9898, 3.03, 0.38, 11.2, 6
7.1, 0.15, 0.34, 1.0, 0.033, 27.0, 73.0, 0.98974, 3.24, 0.41, 12.2, 6
6.8, 0.3, 0.27, 11.6, 0.028, 22.0, 97.0, 0.99314, 2.96, 0.38, 11.7, 6
6.5, 0.19, 0.34, 1.6, 0.029, 39.0, 116.0, 0.98954, 3.21, 0.68, 12.5, 6
7.0, 0.24, 0.34, 3.0, 0.035, 36.0, 102.0, 0.9905, 3.18, 0.43, 12.2, 6
6.0, 0.17, 0.36, 1.7, 0.042, 14.0, 61.0, 0.99144, 3.22, 0.54, 10.8, 6
8.1, 0.19, 0.4, 0.9, 0.037, 73.0, 180.0, 0.9926, 3.06, 0.34, 10.0, 6
6.2, 0.3, 0.31, 1.2, 0.048, 19.0, 125.0, 0.98999, 3.32, 0.54, 12.6, 6
6.9, 0.37, 0.28, 13.8, 0.031, 34.0, 137.0, 0.9948, 3.1, 0.37, 11.6, 6
7.3, 0.22, 0.49, 9.9, 0.031, 48.0, 161.0, 0.9937, 3.01, 0.28, 11.2, 6
8.2, 0.22, 0.49, 9.6, 0.037, 53.0, 154.0, 0.9951, 3.02, 0.33, 10.6, 6
7.0, 0.29, 0.49, 3.8, 0.047, 37.0, 136.0, 0.9938, 2.95, 0.4, 9.4, 6
6.1, 0.68, 0.52, 1.4, 0.037, 32.0, 123.0, 0.99022, 3.24, 0.45, 12.0, 6
6.5, 0.17, 0.31, 1.5, 0.041, 34.0, 121.0, 0.99092, 3.06, 0.46, 10.5, 6
6.4, 0.3, 0.27, 4.4, 0.055, 17.0, 135.0, 0.9925, 3.23, 0.44, 12.2, 6
7.5, 0.29, 0.67, 8.1, 0.037, 53.0, 166.0, 0.9966, 2.9, 0.41, 8.9, 6
5.9, 0.2, 0.28, 1.0, 0.043, 45.0, 100.0, 0.99033, 3.4, 0.41, 11.4, 6
8.0, 0.25, 0.26, 14.0, 0.043, 41.0, 248.0, 0.9986, 3.03, 0.57, 8.7, 6
6.2, 0.24, 0.27, 16.8, 0.04, 48.0, 129.0, 0.99691, 3.23, 0.38, 10.5, 6
6.8, 0.27, 0.28, 7.8, 0.038, 26.0, 89.0, 0.9915, 3.24, 0.34, 12.5, 6
7.0, 0.13, 0.37, 12.85, 0.042, 36.0, 105.0, 0.99581, 3.05, 0.55, 10.7, 6
6.3, 0.29, 0.4, 6.5, 0.039, 43.0, 167.0, 0.9953, 3.15, 0.44, 9.3, 6
6.8, 0.21, 0.49, 14.5, 0.06, 50.0, 170.0, 0.9991, 3.55, 0.44, 9.8, 6
6.4, 0.13, 0.28, 0.9, 0.045, 32.0, 87.0, 0.99175, 3.47, 0.52, 11.2, 6
9.0, 0.22, 0.49, 10.4, 0.048, 52.0, 195.0, 0.9987, 3.31, 0.44, 10.2, 6
7.5, 0.38, 0.33, 9.2, 0.043, 19.0, 116.0, 0.99444, 3.08, 0.42, 11.4, 6
7.5, 0.17, 0.44, 11.3, 0.046, 65.0, 146.0, 0.997, 3.17, 0.45, 10.0, 6
6.9, 0.22, 0.31, 6.3, 0.029, 41.0, 131.0, 0.99326, 3.08, 0.49, 10.8, 6
6.9, 0.33, 0.21, 1.0, 0.053, 39.0, 148.0, 0.9927, 3.12, 0.45, 9.4, 6
10.7, 0.22, 0.56, 8.2, 0.044, 37.0, 181.0, 0.998, 2.87, 0.68, 9.5, 6
6.2, 0.355, 0.35, 2.0, 0.046, 31.0, 95.0, 0.98822, 3.06, 0.46, 13.6, 6
8.4, 0.16, 0.33, 1.5, 0.033, 16.0, 98.0, 0.994, 3.14, 0.42, 9.7, 6
7.5, 0.42, 0.45, 9.1, 0.029, 20.0, 125.0, 0.996, 3.12, 0.36, 10.1, 6
6.4, 0.21, 0.3, 5.6, 0.044, 43.0, 160.0, 0.9949, 3.6, 0.41, 10.6, 6
9.0, 0.2, 0.33, 3.5, 0.049, 10.0, 40.0, 0.9944, 3.14, 0.36, 9.8, 6
8.1, 0.25, 0.34, 10.1, 0.05, 30.0, 121.0, 0.99724, 3.17, 0.49, 10.1, 6
6.4, 0.2, 0.22, 7.4, 0.032, 53.0, 172.0, 0.99404, 3.24, 0.58, 11.0, 6
6.2, 0.27, 0.26, 12.1, 0.046, 43.0, 127.0, 0.9951, 3.16, 0.37, 10.8, 6
6.6, 0.32, 0.22, 16.7, 0.046, 38.0, 133.0, 0.9979, 3.22, 0.67, 10.4, 6
6.8, 0.29, 0.32, 1.8, 0.032, 18.0, 130.0, 0.99095, 3.05, 0.62, 11.2, 6
7.1, 0.43, 0.25, 2.8, 0.036, 43.0, 132.0, 0.98975, 3.21, 0.47, 13.4, 6
6.1, 0.14, 0.25, 1.3, 0.047, 37.0, 173.0, 0.9925, 3.35, 0.46, 10.0, 6
8.3, 0.2, 0.35, 0.9, 0.05, 12.0, 74.0, 0.992, 3.13, 0.38, 10.5, 6
6.7, 0.28, 0.28, 4.5, 0.051, 14.0, 92.0, 0.99224, 3.36, 0.58, 11.9, 6
6.3, 0.32, 0.26, 12.0, 0.049, 63.0, 170.0, 0.9961, 3.14, 0.55, 9.9, 6
10.0, 0.23, 0.27, 14.1, 0.033, 45.0, 166.0, 0.9988, 2.72, 0.43, 9.7, 6
6.6, 0.27, 0.3, 1.9, 0.025, 14.0, 153.0, 0.9928, 3.29, 0.62, 10.5, 6
6.8, 0.26, 0.48, 6.2, 0.049, 55.0, 182.0, 0.99582, 3.21, 0.45, 9.4, 6
6.9, 0.24, 0.23, 7.1, 0.041, 20.0, 97.0, 0.99246, 3.1, 0.85, 11.4, 6
7.8, 0.18, 0.31, 12.2, 0.053, 46.0, 140.0, 0.998, 3.06, 0.53, 8.9, 6
6.4, 0.3, 0.36, 2.0, 0.052, 18.0, 141.0, 0.99273, 3.38, 0.53, 10.5, 6
7.2, 0.17, 0.34, 6.4, 0.042, 16.0, 111.0, 0.99278, 2.99, 0.4, 10.8, 6
6.3, 0.32, 0.17, 17.75, 0.06, 51.0, 190.0, 0.99916, 3.13, 0.48, 8.8, 6
6.9, 0.38, 0.29, 13.65, 0.048, 52.0, 189.0, 0.99784, 3.0, 0.6, 9.5, 6
7.2, 0.23, 0.32, 8.5, 0.058, 47.0, 186.0, 0.9956, 3.19, 0.4, 9.9, 6
6.2, 0.35, 0.2, 18.1, 0.069, 33.0, 158.0, 0.99908, 3.15, 0.5, 8.8, 6
6.0, 0.28, 0.52, 5.0, 0.078, 30.0, 139.0, 0.99494, 3.1, 0.36, 9.0, 6
8.5, 0.3, 0.28, 3.1, 0.054, 54.0, 174.0, 0.99543, 3.21, 0.43, 9.4, 6
7.3, 0.19, 0.24, 6.3, 0.054, 34.0, 231.0, 0.9964, 3.36, 0.54, 10.0, 6
5.7, 0.22, 0.33, 1.9, 0.036, 37.0, 110.0, 0.98945, 3.26, 0.58, 12.4, 6
6.9, 0.3, 0.25, 3.3, 0.041, 26.0, 124.0, 0.99428, 3.18, 0.5, 9.3, 6
7.3, 0.3, 0.22, 6.4, 0.056, 44.0, 168.0, 0.9947, 3.13, 0.35, 10.1, 6
5.7, 0.22, 0.25, 1.1, 0.05, 97.0, 175.0, 0.99099, 3.44, 0.62, 11.1, 6
6.9, 0.18, 0.38, 8.1, 0.049, 44.0, 176.0, 0.9958, 3.3, 0.54, 9.8, 6
6.6, 0.16, 0.21, 6.7, 0.055, 43.0, 157.0, 0.99384, 3.15, 0.52, 10.8, 6
6.6, 0.44, 0.32, 3.0, 0.095, 13.0, 75.0, 0.98954, 3.1, 0.63, 12.8, 6
6.8, 0.26, 0.32, 7.0, 0.041, 38.0, 118.0, 0.9939, 3.25, 0.52, 10.8, 6
5.8, 0.36, 0.26, 3.3, 0.038, 40.0, 153.0, 0.9911, 3.34, 0.55, 11.3, 6
7.5, 0.38, 0.29, 12.7, 0.05, 25.0, 209.0, 0.9986, 3.25, 0.59, 9.3, 6
6.6, 0.26, 0.24, 7.2, 0.038, 28.0, 137.0, 0.9952, 3.35, 0.6, 10.4, 6
7.4, 0.14, 0.3, 1.3, 0.033, 25.0, 91.0, 0.99268, 3.53, 0.39, 10.6, 6
6.7, 0.27, 0.33, 3.6, 0.034, 9.0, 45.0, 0.99144, 3.08, 0.4, 10.5, 6
6.5, 0.26, 0.27, 12.9, 0.044, 69.0, 215.0, 0.9967, 3.17, 0.43, 10.0, 6
6.4, 0.41, 0.24, 14.0, 0.048, 24.0, 113.0, 0.9982, 3.44, 0.53, 9.8, 6
6.7, 0.3, 0.5, 12.1, 0.045, 38.0, 127.0, 0.9974, 3.04, 0.53, 8.9, 6
7.0, 0.21, 0.28, 8.7, 0.045, 37.0, 222.0, 0.9954, 3.25, 0.54, 10.4, 6
7.3, 0.2, 0.26, 1.6, 0.04, 36.0, 123.0, 0.99238, 3.34, 0.44, 10.8, 6
7.9, 0.27, 0.27, 1.7, 0.034, 25.0, 122.0, 0.99088, 2.97, 0.51, 11.9, 6
8.4, 0.58, 0.27, 12.15, 0.033, 37.0, 116.0, 0.9959, 2.99, 0.39, 10.8, 6
5.4, 0.15, 0.32, 2.5, 0.037, 10.0, 51.0, 0.98878, 3.04, 0.58, 12.6, 6
6.3, 0.17, 0.32, 4.2, 0.04, 37.0, 117.0, 0.99182, 3.24, 0.43, 11.3, 6
6.4, 0.42, 0.74, 12.8, 0.076, 48.0, 209.0, 0.9978, 3.12, 0.58, 9.0, 6
7.3, 0.22, 0.37, 14.3, 0.063, 48.0, 191.0, 0.9978, 2.89, 0.38, 9.0, 6
7.5, 0.24, 0.29, 1.1, 0.046, 34.0, 84.0, 0.9902, 3.04, 0.39, 11.45, 6
6.5, 0.18, 0.26, 1.4, 0.041, 40.0, 141.0, 0.9941, 3.34, 0.72, 9.5, 6
6.5, 0.43, 0.28, 11.25, 0.032, 31.0, 87.0, 0.9922, 3.02, 0.38, 12.4, 6
5.9, 0.29, 0.25, 12.0, 0.057, 48.0, 224.0, 0.9981, 3.23, 0.41, 9.0, 6
5.3, 0.32, 0.23, 9.65, 0.026, 26.0, 119.0, 0.99168, 3.18, 0.53, 12.2, 6
7.6, 0.28, 0.39, 1.9, 0.052, 23.0, 116.0, 0.9941, 3.25, 0.4, 10.4, 6
6.8, 0.19, 0.71, 17.5, 0.042, 21.0, 114.0, 0.99784, 2.85, 0.5, 9.5, 6
7.8, 0.2, 0.32, 5.0, 0.016, 31.0, 101.0, 0.99186, 2.99, 0.39, 11.0, 6
6.8, 0.22, 0.3, 10.6, 0.07, 67.0, 194.0, 0.99654, 2.89, 0.42, 9.0, 6
7.1, 0.3, 0.36, 6.8, 0.055, 44.5, 234.0, 0.9972, 3.49, 0.64, 10.2, 6
6.1, 0.21, 0.3, 6.3, 0.039, 47.0, 136.0, 0.99068, 3.27, 0.31, 12.7, 6
6.4, 0.24, 0.49, 5.8, 0.053, 25.0, 120.0, 0.9942, 3.01, 0.98, 10.5, 6
7.1, 0.21, 0.33, 1.2, 0.039, 34.0, 97.0, 0.99112, 3.11, 0.75, 11.2, 6
7.9, 0.18, 0.49, 5.2, 0.051, 36.0, 157.0, 0.9953, 3.18, 0.48, 10.6, 6
8.0, 0.28, 0.3, 8.4, 0.03, 35.0, 115.0, 0.99192, 2.93, 0.42, 12.3, 6
7.8, 0.2, 0.2, 1.4, 0.036, 25.0, 83.0, 0.99088, 3.03, 0.46, 11.7, 6
6.0, 0.26, 0.32, 3.8, 0.029, 48.0, 180.0, 0.99011, 3.15, 0.34, 12.0, 6
6.2, 0.2, 0.28, 1.1, 0.039, 24.0, 78.0, 0.9899, 3.36, 0.47, 12.1, 6
6.5, 0.24, 0.38, 1.0, 0.027, 31.0, 90.0, 0.98926, 3.24, 0.36, 12.3, 6
6.5, 0.26, 0.31, 1.3, 0.034, 59.0, 145.0, 0.98944, 3.16, 0.54, 12.4, 6
6.7, 0.15, 0.38, 1.7, 0.037, 20.0, 84.0, 0.99046, 3.09, 0.53, 11.4, 6
6.2, 0.34, 0.25, 12.1, 0.059, 33.0, 171.0, 0.99769, 3.14, 0.56, 8.7, 6
7.1, 0.34, 0.32, 2.0, 0.051, 29.0, 130.0, 0.99354, 3.3, 0.5, 10.4, 6
6.7, 0.26, 0.29, 7.7, 0.038, 40.0, 179.0, 0.99479, 3.23, 0.56, 10.4, 6
6.9, 0.22, 0.32, 5.8, 0.041, 20.0, 119.0, 0.99296, 3.17, 0.55, 11.2, 6
6.7, 0.23, 0.39, 2.5, 0.172, 63.0, 158.0, 0.9937, 3.11, 0.36, 9.4, 6
5.8, 0.29, 0.33, 3.7, 0.029, 30.0, 88.0, 0.98994, 3.25, 0.42, 12.3, 6
5.7, 0.25, 0.22, 9.8, 0.049, 50.0, 125.0, 0.99571, 3.2, 0.45, 10.1, 6
7.4, 0.19, 0.42, 6.4, 0.067, 39.0, 212.0, 0.9958, 3.3, 0.33, 9.6, 6
6.6, 0.285, 0.49, 11.4, 0.035, 57.0, 137.0, 0.99732, 3.08, 0.54, 8.9, 6
7.0, 0.27, 0.36, 20.7, 0.045, 45.0, 170.0, 1.001, 3.0, 0.45, 8.8, 6
6.2, 0.47, 0.19, 8.3, 0.029, 24.0, 142.0, 0.992, 3.22, 0.45, 12.3, 6
8.5, 0.15, 0.49, 1.5, 0.031, 17.0, 122.0, 0.9932, 3.03, 0.4, 10.3, 6
7.3, 0.26, 0.49, 5.0, 0.028, 32.0, 107.0, 0.9936, 3.24, 0.54, 10.8, 6
7.1, 0.22, 0.74, 2.7, 0.044, 42.0, 144.0, 0.991, 3.31, 0.41, 12.2, 6
8.5, 0.28, 0.34, 13.8, 0.041, 32.0, 161.0, 0.9981, 3.13, 0.4, 9.9, 6
6.4, 0.33, 0.28, 1.1, 0.038, 30.0, 110.0, 0.9917, 3.12, 0.42, 10.5, 6
6.8, 0.27, 0.28, 13.3, 0.076, 50.0, 163.0, 0.9979, 3.03, 0.38, 8.6, 6
6.5, 0.16, 0.33, 4.8, 0.043, 45.0, 114.0, 0.992, 3.18, 0.44, 11.2, 6
6.9, 0.26, 0.29, 4.2, 0.043, 33.0, 114.0, 0.9902, 3.16, 0.31, 12.5, 6
8.0, 0.28, 0.32, 7.6, 0.045, 61.0, 204.0, 0.99543, 3.1, 0.55, 10.1, 6
5.8, 0.22, 0.29, 1.3, 0.036, 25.0, 68.0, 0.98865, 3.24, 0.35, 12.6, 6
7.0, 0.22, 0.32, 1.6, 0.045, 40.0, 120.0, 0.9914, 2.98, 0.44, 10.5, 6
5.1, 0.11, 0.32, 1.6, 0.028, 12.0, 90.0, 0.99008, 3.57, 0.52, 12.2, 6
6.7, 0.24, 0.39, 2.9, 0.173, 63.0, 157.0, 0.9937, 3.1, 0.34, 9.4, 6
7.2, 0.27, 0.42, 1.6, 0.05, 35.0, 135.0, 0.992, 2.94, 0.46, 11.0, 6
6.0, 0.52, 0.33, 7.7, 0.046, 24.0, 119.0, 0.99224, 3.04, 0.38, 11.0, 6
7.3, 0.205, 0.31, 1.7, 0.06, 34.0, 110.0, 0.9963, 3.72, 0.69, 10.5, 6
6.7, 0.24, 0.31, 2.3, 0.044, 37.0, 113.0, 0.99013, 3.29, 0.46, 12.9, 6
5.9, 0.28, 0.34, 3.6, 0.04, 50.0, 194.0, 0.9912, 3.31, 0.52, 11.6, 6
7.2, 0.2, 0.61, 16.2, 0.043, 14.0, 103.0, 0.9987, 3.06, 0.36, 9.2, 6
6.6, 0.16, 0.34, 1.1, 0.037, 41.0, 115.0, 0.9899, 3.01, 0.68, 12.0, 6
6.8, 0.3, 0.27, 11.6, 0.028, 22.0, 97.0, 0.99314, 2.96, 0.38, 11.7, 6
7.7, 0.29, 0.48, 2.3, 0.049, 36.0, 178.0, 0.9931, 3.17, 0.64, 10.6, 6
6.0, 0.26, 0.26, 2.2, 0.035, 10.0, 72.0, 0.989465, 3.11, 0.48, 12.15, 6
6.8, 0.17, 0.34, 2.0, 0.04, 38.0, 111.0, 0.99, 3.24, 0.45, 12.9, 6
6.8, 0.32, 0.37, 3.4, 0.023, 19.0, 87.0, 0.9902, 3.14, 0.53, 12.7, 6
6.8, 0.16, 0.36, 1.3, 0.034, 32.0, 98.0, 0.99058, 3.02, 0.58, 11.3, 6
6.8, 0.29, 0.22, 3.4, 0.035, 40.0, 122.0, 0.99024, 3.09, 0.47, 12.3, 6
7.9, 0.2, 0.34, 1.2, 0.04, 29.0, 118.0, 0.9932, 3.14, 0.41, 10.6, 6
5.9, 0.34, 0.3, 3.8, 0.035, 57.0, 135.0, 0.99016, 3.09, 0.34, 12.0, 6
5.9, 0.62, 0.28, 3.5, 0.039, 55.0, 152.0, 0.9907, 3.44, 0.44, 12.0, 6
6.6, 0.23, 0.37, 8.5, 0.036, 46.0, 153.0, 0.99576, 3.2, 0.48, 9.4, 6
7.7, 0.46, 0.18, 3.3, 0.054, 18.0, 143.0, 0.99392, 3.12, 0.51, 10.8, 6
8.3, 0.18, 0.3, 1.1, 0.033, 20.0, 57.0, 0.99109, 3.02, 0.51, 11.0, 6
5.7, 0.31, 0.29, 7.3, 0.05, 33.0, 143.0, 0.99332, 3.31, 0.5, 11.0666666666667, 6
5.8, 0.24, 0.39, 1.5, 0.054, 37.0, 158.0, 0.9932, 3.21, 0.52, 9.3, 6
7.2, 0.21, 0.34, 1.1, 0.046, 25.0, 80.0, 0.992, 3.25, 0.4, 11.3, 6
6.7, 0.15, 0.32, 7.9, 0.034, 17.0, 81.0, 0.99512, 3.29, 0.31, 10.0, 6
6.3, 0.37, 0.37, 1.5, 0.024, 12.0, 76.0, 0.98876, 2.94, 0.39, 12.3, 6
7.4, 0.23, 0.43, 1.4, 0.044, 22.0, 113.0, 0.9938, 3.22, 0.62, 10.6, 6
6.3, 0.2, 0.26, 12.7, 0.046, 60.0, 143.0, 0.99526, 3.26, 0.35, 10.8, 6
6.7, 0.28, 0.42, 3.5, 0.035, 43.0, 105.0, 0.99021, 3.18, 0.38, 12.2, 6
6.4, 0.15, 0.31, 1.1, 0.044, 25.0, 96.0, 0.9932, 3.54, 0.51, 10.3, 6
6.3, 0.27, 0.25, 5.8, 0.038, 52.0, 155.0, 0.995, 3.28, 0.38, 9.4, 6
5.0, 0.35, 0.25, 7.8, 0.031, 24.0, 116.0, 0.99241, 3.39, 0.4, 11.3, 6
7.4, 0.34, 0.42, 1.1, 0.033, 17.0, 171.0, 0.9917, 3.12, 0.53, 11.3, 6
6.2, 0.12, 0.34, 1.5, 0.045, 43.0, 117.0, 0.9939, 3.42, 0.51, 9.0, 6
7.0, 0.2, 0.33, 4.7, 0.03, 25.0, 76.0, 0.99202, 2.88, 0.54, 10.5, 6
6.8, 0.24, 0.34, 2.7, 0.047, 64.5, 218.5, 0.9934, 3.3, 0.58, 9.7, 6
7.6, 0.2, 0.31, 1.4, 0.047, 41.0, 142.0, 0.9934, 3.43, 0.53, 10.1, 6
6.5, 0.2, 0.31, 2.1, 0.033, 32.0, 95.0, 0.989435, 2.96, 0.61, 12.0, 6
6.2, 0.15, 0.46, 1.6, 0.039, 38.0, 123.0, 0.993, 3.38, 0.51, 9.7, 6
6.8, 0.24, 0.37, 7.45, 0.043, 59.0, 188.0, 0.99579, 3.2, 0.5, 9.4, 6
7.8, 0.25, 0.41, 3.7, 0.042, 37.0, 149.0, 0.9954, 3.36, 0.45, 10.0, 6
7.1, 0.17, 0.4, 14.55, 0.047, 47.0, 156.0, 0.99945, 3.34, 0.78, 9.1, 6
7.5, 0.25, 0.32, 8.2, 0.024, 53.0, 209.0, 0.99563, 3.12, 0.46, 10.8, 6
7.9, 0.22, 0.45, 14.2, 0.038, 53.0, 141.0, 0.9992, 3.03, 0.46, 9.2, 6
7.8, 0.16, 0.41, 1.7, 0.026, 29.0, 140.0, 0.991, 3.02, 0.78, 12.5, 6
6.4, 0.38, 0.2, 5.3, 0.117, 57.0, 181.0, 0.99459, 3.24, 0.43, 9.5, 6
7.3, 0.28, 0.36, 12.7, 0.04, 38.0, 140.0, 0.998, 3.3, 0.79, 9.6, 6
6.0, 0.21, 0.34, 2.0, 0.042, 63.0, 123.0, 0.99052, 3.44, 0.42, 11.4, 6
7.6, 0.22, 0.34, 9.7, 0.035, 26.0, 143.0, 0.9965, 3.08, 0.49, 9.8, 6
7.2, 0.23, 0.38, 14.3, 0.058, 55.0, 194.0, 0.9979, 3.09, 0.44, 9.0, 6
7.7, 0.23, 0.31, 10.7, 0.038, 59.0, 186.0, 0.9969, 3.12, 0.55, 9.5, 6
7.7, 0.32, 0.62, 10.6, 0.036, 56.0, 153.0, 0.9978, 3.13, 0.44, 8.9, 6
7.3, 0.41, 0.24, 6.8, 0.057, 41.0, 163.0, 0.9949, 3.2, 0.41, 9.9, 6
7.9, 0.28, 0.41, 4.9, 0.058, 31.0, 153.0, 0.9966, 3.27, 0.51, 9.7, 6
7.6, 0.27, 0.34, 5.0, 0.04, 18.0, 56.0, 0.99084, 3.06, 0.48, 12.4, 6
5.6, 0.23, 0.25, 8.0, 0.043, 31.0, 101.0, 0.99429, 3.19, 0.42, 10.4, 6
7.7, 0.32, 0.62, 10.6, 0.036, 56.0, 153.0, 0.9978, 3.13, 0.44, 8.9, 6
6.3, 0.26, 0.42, 7.1, 0.045, 62.0, 209.0, 0.99544, 3.2, 0.53, 9.5, 6
6.7, 0.24, 0.3, 10.2, 0.07, 44.0, 179.0, 0.99666, 2.86, 0.46, 8.9, 6
8.5, 0.25, 0.27, 4.7, 0.031, 31.0, 92.0, 0.9922, 3.01, 0.33, 12.0, 6
6.2, 0.24, 0.27, 2.9, 0.039, 30.0, 123.0, 0.98959, 3.12, 0.37, 12.8, 6
6.6, 0.16, 0.25, 9.8, 0.049, 59.5, 137.0, 0.995, 3.16, 0.38, 10.0, 6
7.7, 0.46, 0.18, 3.3, 0.054, 18.0, 143.0, 0.99392, 3.12, 0.51, 10.8, 6
8.1, 0.27, 0.33, 1.3, 0.045, 26.0, 100.0, 0.99066, 2.98, 0.44, 12.4, 6
8.2, 0.23, 0.4, 7.5, 0.049, 12.0, 76.0, 0.9966, 3.06, 0.84, 9.7, 6
7.8, 0.26, 0.27, 1.9, 0.051, 52.0, 195.0, 0.9928, 3.23, 0.5, 10.9, 6
6.7, 0.33, 0.49, 1.6, 0.167, 20.0, 94.0, 0.9914, 3.11, 0.5, 11.4, 6
6.8, 0.21, 0.42, 1.2, 0.045, 24.0, 126.0, 0.99234, 3.09, 0.87, 10.9, 6
8.5, 0.17, 0.74, 3.6, 0.05, 29.0, 128.0, 0.9928, 3.28, 0.4, 12.4, 6
6.7, 0.16, 0.32, 12.5, 0.035, 18.0, 156.0, 0.99666, 2.88, 0.36, 9.0, 6
6.4, 0.31, 0.28, 2.5, 0.039, 34.0, 137.0, 0.98946, 3.22, 0.38, 12.7, 6
6.6, 0.25, 0.3, 14.4, 0.052, 40.0, 183.0, 0.998, 3.02, 0.5, 9.1, 6
6.6, 0.25, 0.3, 14.4, 0.052, 40.0, 183.0, 0.998, 3.02, 0.5, 9.1, 6
7.7, 0.23, 0.31, 10.7, 0.038, 59.0, 186.0, 0.9969, 3.12, 0.55, 9.5, 6
7.2, 0.22, 0.24, 1.4, 0.041, 17.0, 159.0, 0.99196, 3.25, 0.53, 11.2, 6
6.3, 0.25, 0.23, 14.9, 0.039, 47.0, 142.0, 0.99705, 3.14, 0.35, 9.7, 6
6.0, 0.18, 0.27, 1.5, 0.089, 40.0, 143.0, 0.9923, 3.49, 0.62, 10.8, 6
7.3, 0.24, 0.34, 15.4, 0.05, 38.0, 174.0, 0.9983, 3.03, 0.42, 9.0, 6
7.9, 0.17, 0.32, 1.6, 0.053, 47.0, 150.0, 0.9948, 3.29, 0.76, 9.6, 6
6.4, 0.13, 0.47, 1.6, 0.092, 40.0, 158.0, 0.9928, 3.21, 0.36, 9.8, 6
6.2, 0.22, 0.27, 1.5, 0.064, 20.0, 132.0, 0.9938, 3.22, 0.46, 9.2, 6
6.9, 0.32, 0.26, 2.3, 0.03, 11.0, 103.0, 0.99106, 3.06, 0.42, 11.1, 6
6.8, 0.12, 0.3, 12.9, 0.049, 32.0, 88.0, 0.99654, 3.2, 0.35, 9.9, 6
6.6, 0.22, 0.23, 17.3, 0.047, 37.0, 118.0, 0.99906, 3.08, 0.46, 8.8, 6
6.7, 0.26, 0.29, 7.1, 0.036, 28.0, 100.0, 0.99534, 3.08, 0.36, 9.3, 6
6.2, 0.22, 0.28, 2.2, 0.04, 24.0, 125.0, 0.9917, 3.19, 0.48, 10.5, 6
6.9, 0.28, 0.41, 1.7, 0.05, 10.0, 136.0, 0.993, 3.16, 0.71, 11.4, 6
7.2, 0.18, 0.45, 4.4, 0.046, 57.0, 166.0, 0.9943, 3.13, 0.62, 11.2, 6
8.1, 0.33, 0.36, 7.4, 0.037, 36.0, 156.0, 0.99592, 3.19, 0.54, 10.6, 6
6.2, 0.16, 0.32, 1.1, 0.036, 74.0, 184.0, 0.99096, 3.22, 0.41, 11.0, 6
6.0, 0.3, 0.33, 2.1, 0.042, 31.0, 127.0, 0.98964, 3.32, 0.42, 12.5, 6
6.9, 0.25, 0.4, 1.3, 0.038, 22.0, 101.0, 0.9901, 3.03, 0.39, 11.4, 6
5.6, 0.185, 0.49, 1.1, 0.03, 28.0, 117.0, 0.9918, 3.55, 0.45, 10.3, 6
6.7, 0.16, 0.32, 12.5, 0.035, 18.0, 156.0, 0.99666, 2.88, 0.36, 9.0, 6
6.5, 0.21, 0.42, 1.1, 0.059, 33.0, 101.0, 0.9927, 3.12, 0.38, 9.7, 6
6.7, 0.15, 0.32, 7.9, 0.034, 17.0, 81.0, 0.99512, 3.29, 0.31, 10.0, 6
5.7, 0.22, 0.2, 16.0, 0.044, 41.0, 113.0, 0.99862, 3.22, 0.46, 8.9, 6
6.8, 0.26, 0.34, 13.9, 0.034, 39.0, 134.0, 0.9949, 3.33, 0.53, 12.0, 6
5.7, 0.26, 0.27, 4.1, 0.201, 73.5, 189.5, 0.9942, 3.27, 0.38, 9.4, 6
5.7, 0.21, 0.24, 2.3, 0.047, 60.0, 189.0, 0.995, 3.65, 0.72, 10.1, 6
6.2, 0.21, 0.24, 1.2, 0.051, 31.0, 95.0, 0.99036, 3.24, 0.57, 11.3, 6
7.7, 0.34, 0.27, 8.8, 0.063, 39.0, 184.0, 0.9969, 3.09, 0.63, 9.2, 6
6.5, 0.24, 0.39, 17.3, 0.052, 22.0, 126.0, 0.99888, 3.11, 0.47, 9.2, 6
6.5, 0.34, 0.46, 1.0, 0.023, 6.0, 80.0, 0.98865, 3.15, 0.54, 12.9, 6
7.2, 0.21, 0.34, 11.9, 0.043, 37.0, 213.0, 0.9962, 3.09, 0.5, 9.6, 6
5.0, 0.33, 0.16, 1.5, 0.049, 10.0, 97.0, 0.9917, 3.48, 0.44, 10.7, 6
6.2, 0.23, 0.36, 17.2, 0.039, 37.0, 130.0, 0.99946, 3.23, 0.43, 8.8, 6
6.8, 0.25, 0.24, 4.55, 0.053, 41.0, 211.0, 0.9955, 3.37, 0.67, 9.5, 6
6.9, 0.115, 0.35, 5.4, 0.048, 36.0, 108.0, 0.9939, 3.32, 0.42, 10.2, 6
9.0, 0.26, 0.34, 6.7, 0.029, 21.0, 162.0, 0.99497, 3.08, 0.5, 10.6, 6
8.5, 0.21, 0.26, 9.25, 0.034, 73.0, 142.0, 0.9945, 3.05, 0.37, 11.4, 6
7.7, 0.28, 0.24, 2.4, 0.044, 29.0, 157.0, 0.99312, 3.27, 0.56, 10.6, 6
6.3, 0.23, 0.5, 10.4, 0.043, 61.0, 132.0, 0.99542, 2.86, 0.46, 9.1, 6
6.8, 0.45, 0.28, 26.05, 0.031, 27.0, 122.0, 1.00295, 3.06, 0.42, 10.6, 6
7.5, 0.19, 0.4, 7.1, 0.056, 50.0, 110.0, 0.9954, 3.06, 0.52, 9.9, 6
7.5, 0.24, 0.31, 13.1, 0.05, 26.0, 180.0, 0.99884, 3.05, 0.53, 9.1, 6
7.2, 0.23, 0.82, 1.3, 0.149, 70.0, 109.0, 0.99304, 2.93, 0.42, 9.2, 6
7.6, 0.34, 0.39, 7.6, 0.04, 45.0, 215.0, 0.9965, 3.11, 0.53, 9.2, 6
7.3, 0.23, 0.41, 14.6, 0.048, 73.0, 223.0, 0.99863, 3.16, 0.71, 9.4, 6
7.3, 0.19, 0.68, 1.5, 0.05, 31.0, 156.0, 0.9946, 3.32, 0.64, 9.4, 6
8.1, 0.27, 0.33, 1.3, 0.045, 26.0, 100.0, 0.99066, 2.98, 0.44, 12.4, 6
6.5, 0.24, 0.29, 8.2, 0.043, 32.0, 156.0, 0.99453, 3.13, 0.7, 10.1, 6
7.3, 0.29, 0.29, 4.6, 0.029, 27.0, 155.0, 0.9931, 3.07, 0.26, 10.6, 6
7.8, 0.27, 0.58, 11.2, 0.036, 44.0, 161.0, 0.9977, 3.06, 0.41, 8.9, 6
5.7, 0.22, 0.2, 16.0, 0.044, 41.0, 113.0, 0.99862, 3.22, 0.46, 8.9, 6
6.1, 0.22, 0.4, 1.85, 0.031, 25.0, 111.0, 0.98966, 3.03, 0.3, 11.8, 7
7.0, 0.3, 0.51, 13.6, 0.05, 40.0, 168.0, 0.9976, 3.07, 0.52, 9.6, 7
6.1, 0.16, 0.34, 6.1, 0.034, 31.0, 114.0, 0.99365, 3.32, 0.58, 10.15, 7
7.1, 0.18, 0.49, 1.3, 0.033, 12.0, 72.0, 0.99072, 3.05, 0.53, 11.3, 7
6.0, 0.28, 0.27, 15.5, 0.036, 31.0, 134.0, 0.99408, 3.19, 0.44, 13.0, 7
6.5, 0.18, 0.33, 8.0, 0.051, 16.0, 131.0, 0.9965, 3.28, 0.44, 8.7, 7
6.1, 0.24, 0.32, 9.0, 0.031, 41.0, 134.0, 0.99234, 3.25, 0.26, 12.3, 7
5.6, 0.2, 0.66, 10.2, 0.043, 78.0, 175.0, 0.9945, 2.98, 0.43, 10.4, 7
5.8, 0.31, 0.32, 4.5, 0.024, 28.0, 94.0, 0.98906, 3.25, 0.52, 13.7, 7
7.0, 0.32, 0.29, 7.6, 0.025, 35.0, 124.0, 0.99162, 3.15, 0.65, 12.8, 7
7.0, 0.32, 0.31, 6.4, 0.031, 38.0, 115.0, 0.99235, 3.38, 0.58, 12.2, 7
5.6, 0.235, 0.29, 1.2, 0.047, 33.0, 127.0, 0.991, 3.34, 0.5, 11.0, 7
7.0, 0.15, 0.28, 14.7, 0.051, 29.0, 149.0, 0.99792, 2.96, 0.39, 9.0, 7
6.4, 0.24, 0.31, 2.8, 0.038, 41.0, 114.0, 0.99155, 3.37, 0.66, 11.7, 7
7.7, 0.17, 0.52, 5.9, 0.017, 21.0, 84.0, 0.9929, 3.14, 0.4, 11.9, 7
5.6, 0.22, 0.32, 1.2, 0.024, 29.0, 97.0, 0.98823, 3.2, 0.46, 13.05, 7
8.4, 0.17, 0.31, 6.7, 0.038, 29.0, 132.0, 0.9945, 3.1, 0.32, 10.6, 7
6.6, 0.19, 0.35, 1.5, 0.037, 37.0, 107.0, 0.99006, 3.18, 0.68, 12.0, 7
7.1, 0.21, 0.32, 2.2, 0.037, 28.0, 141.0, 0.993, 3.2, 0.57, 10.0, 7
7.5, 0.23, 0.49, 7.7, 0.049, 61.0, 209.0, 0.9941, 3.14, 0.3, 11.1, 7
6.7, 0.46, 0.18, 2.4, 0.034, 25.0, 98.0, 0.9896, 3.08, 0.44, 12.6, 7
7.3, 0.19, 0.25, 1.4, 0.051, 41.0, 107.0, 0.99382, 3.53, 0.66, 10.5, 7
5.7, 0.28, 0.36, 1.8, 0.041, 38.0, 90.0, 0.99002, 3.27, 0.98, 11.9, 7
7.0, 0.31, 0.29, 1.4, 0.037, 33.0, 128.0, 0.9896, 3.12, 0.36, 12.2, 7
7.1, 0.14, 0.4, 1.2, 0.051, 55.0, 136.0, 0.9932, 3.3, 0.96, 9.8, 7
5.9, 0.23, 0.24, 3.8, 0.038, 61.0, 152.0, 0.99139, 3.31, 0.5, 11.3, 7
7.2, 0.36, 0.36, 5.7, 0.038, 26.0, 98.0, 0.9914, 2.93, 0.59, 12.5, 7
6.6, 0.2, 0.38, 7.9, 0.052, 30.0, 145.0, 0.9947, 3.32, 0.56, 11.0, 7
5.6, 0.255, 0.57, 10.7, 0.056, 66.0, 171.0, 0.99464, 3.25, 0.61, 10.4, 7
6.1, 0.44, 0.28, 4.25, 0.032, 43.0, 132.0, 0.9916, 3.26, 0.47, 11.2666666666667, 7
6.0, 0.38, 0.26, 3.5, 0.035, 38.0, 111.0, 0.98872, 3.18, 0.47, 13.6, 7
7.3, 0.13, 0.27, 4.6, 0.08, 34.0, 172.0, 0.9938, 3.23, 0.39, 11.1, 7
6.4, 0.35, 0.28, 1.6, 0.037, 31.0, 113.0, 0.98779, 3.12, 0.4, 14.2, 7
6.7, 0.21, 0.34, 1.5, 0.035, 45.0, 123.0, 0.98949, 3.24, 0.36, 12.6, 7
7.5, 0.38, 0.29, 4.9, 0.021, 38.0, 113.0, 0.99026, 3.08, 0.48, 13.0, 7
6.6, 0.25, 0.29, 1.1, 0.068, 39.0, 124.0, 0.9914, 3.34, 0.58, 11.0, 7
7.3, 0.25, 0.41, 1.8, 0.037, 52.0, 165.0, 0.9911, 3.29, 0.39, 12.2, 7
5.3, 0.4, 0.25, 3.9, 0.031, 45.0, 130.0, 0.99072, 3.31, 0.58, 11.75, 7
7.0, 0.32, 0.34, 1.3, 0.042, 20.0, 69.0, 0.9912, 3.31, 0.65, 12.0, 7
7.3, 0.2, 0.44, 1.4, 0.045, 21.0, 98.0, 0.9924, 3.15, 0.46, 10.0, 7
6.5, 0.19, 0.28, 1.4, 0.046, 22.0, 90.0, 0.99038, 3.18, 0.51, 11.7, 7
5.8, 0.275, 0.3, 5.4, 0.043, 41.0, 149.0, 0.9926, 3.33, 0.42, 10.8, 7
6.5, 0.33, 0.3, 3.8, 0.036, 34.0, 88.0, 0.99028, 3.25, 0.63, 12.5, 7
7.2, 0.25, 0.28, 14.4, 0.055, 55.0, 205.0, 0.9986, 3.12, 0.38, 9.0, 7
7.4, 0.28, 0.36, 1.1, 0.028, 42.0, 105.0, 0.9893, 2.99, 0.39, 12.4, 7
6.9, 0.38, 0.32, 8.5, 0.044, 36.0, 152.0, 0.9932, 3.38, 0.35, 12.0, 7
6.7, 0.22, 0.39, 10.2, 0.038, 60.0, 149.0, 0.99725, 3.17, 0.54, 10.0, 7
7.4, 0.16, 0.3, 13.7, 0.056, 33.0, 168.0, 0.99825, 2.9, 0.44, 8.7, 7
7.2, 0.37, 0.15, 2.0, 0.029, 27.0, 87.0, 0.9903, 3.3, 0.59, 12.6, 7
6.9, 0.25, 0.26, 5.2, 0.024, 36.0, 135.0, 0.9948, 3.16, 0.72, 10.7, 7
7.4, 0.19, 0.49, 9.3, 0.03, 26.0, 132.0, 0.994, 2.99, 0.32, 11.0, 7
7.2, 0.26, 0.3, 2.1, 0.033, 50.0, 158.0, 0.9909, 3.33, 0.43, 12.1, 7
6.9, 0.3, 0.49, 7.6, 0.057, 25.0, 156.0, 0.9962, 3.43, 0.63, 11.0, 7
7.1, 0.35, 0.27, 3.1, 0.034, 28.0, 134.0, 0.9897, 3.26, 0.38, 13.1, 7
7.3, 0.23, 0.27, 2.6, 0.035, 39.0, 120.0, 0.99138, 3.04, 0.59, 11.3, 7
7.0, 0.3, 0.38, 14.9, 0.032, 60.0, 181.0, 0.9983, 3.18, 0.61, 9.3, 7
6.5, 0.24, 0.32, 7.6, 0.038, 48.0, 203.0, 0.9958, 3.45, 0.54, 9.7, 7
6.8, 0.475, 0.33, 3.95, 0.047, 16.0, 81.0, 0.98988, 3.23, 0.53, 13.4, 7
6.5, 0.16, 0.33, 1.0, 0.027, 23.0, 75.0, 0.9908, 3.3, 0.39, 11.4, 7
6.8, 0.21, 0.31, 2.9, 0.046, 40.0, 121.0, 0.9913, 3.07, 0.65, 10.9, 7
6.0, 0.32, 0.3, 1.9, 0.033, 41.0, 142.0, 0.98912, 3.29, 0.42, 12.8, 7
5.6, 0.28, 0.4, 6.1, 0.034, 36.0, 118.0, 0.99144, 3.21, 0.43, 12.1, 7
8.0, 0.23, 0.35, 9.2, 0.044, 53.0, 186.0, 0.997, 3.09, 0.56, 9.5, 7
7.4, 0.33, 0.26, 2.6, 0.04, 29.0, 115.0, 0.9913, 3.07, 0.52, 11.8, 7
6.6, 0.26, 0.21, 2.9, 0.026, 48.0, 126.0, 0.99089, 3.22, 0.38, 11.3, 7
7.0, 0.35, 0.3, 6.5, 0.028, 27.0, 87.0, 0.9936, 3.4, 0.42, 11.4, 7
6.4, 0.25, 0.33, 1.4, 0.04, 42.0, 115.0, 0.9906, 3.19, 0.48, 11.3, 7
8.0, 0.22, 0.42, 14.6, 0.044, 45.0, 163.0, 1.0003, 3.21, 0.69, 8.6, 7
8.2, 0.18, 0.28, 8.5, 0.035, 41.0, 140.0, 0.9952, 3.04, 0.37, 10.1, 7
6.4, 0.4, 0.19, 3.2, 0.033, 28.0, 124.0, 0.9904, 3.22, 0.54, 12.7, 7
6.9, 0.19, 0.31, 19.25, 0.043, 38.0, 167.0, 0.99954, 2.93, 0.52, 9.1, 7
5.9, 0.3, 0.47, 7.85, 0.03, 19.0, 133.0, 0.9933, 3.52, 0.43, 11.5, 7
7.6, 0.31, 0.24, 1.8, 0.037, 39.0, 150.0, 0.9913, 3.05, 0.44, 11.8, 7
6.5, 0.18, 0.33, 1.4, 0.029, 35.0, 138.0, 0.99114, 3.36, 0.6, 11.5, 7
6.3, 0.12, 0.36, 2.1, 0.044, 47.0, 146.0, 0.9914, 3.27, 0.74, 11.4, 7
6.4, 0.31, 0.5, 5.8, 0.038, 42.0, 111.0, 0.99189, 3.18, 0.53, 11.9, 7
7.1, 0.12, 0.3, 3.1, 0.018, 15.0, 37.0, 0.99004, 3.02, 0.52, 11.9, 7
7.3, 0.24, 0.3, 2.5, 0.042, 31.0, 104.0, 0.9911, 3.05, 0.56, 11.3, 7
6.3, 0.22, 0.27, 4.5, 0.036, 81.0, 157.0, 0.9928, 3.05, 0.76, 10.7, 7
7.4, 0.25, 0.28, 7.25, 0.028, 14.0, 78.0, 0.99238, 2.94, 0.37, 11.5, 7
7.2, 0.16, 0.29, 1.0, 0.031, 40.0, 123.0, 0.98958, 3.12, 0.4, 12.1, 7
6.3, 0.41, 0.33, 4.7, 0.023, 28.0, 110.0, 0.991, 3.3, 0.38, 12.5, 7
7.6, 0.19, 0.32, 18.75, 0.047, 32.0, 193.0, 1.00014, 3.1, 0.5, 9.3, 7
6.2, 0.2, 0.26, 9.7, 0.03, 39.0, 102.0, 0.9908, 3.08, 0.56, 12.9, 7
7.3, 0.4, 0.26, 5.45, 0.016, 26.0, 90.0, 0.98951, 2.84, 0.54, 13.2, 7
7.4, 0.16, 0.3, 13.7, 0.056, 33.0, 168.0, 0.99825, 2.9, 0.44, 8.7, 7
7.2, 0.21, 0.28, 2.7, 0.033, 38.0, 94.0, 0.99075, 2.99, 0.43, 11.8, 7
7.2, 0.17, 0.28, 17.55, 0.05, 33.0, 154.0, 0.99971, 2.94, 0.43, 9.0, 7
7.2, 0.23, 0.39, 14.2, 0.058, 49.0, 192.0, 0.9979, 2.98, 0.48, 9.0, 7
7.2, 0.23, 0.39, 14.2, 0.058, 49.0, 192.0, 0.9979, 2.98, 0.48, 9.0, 7
7.9, 0.18, 0.33, 1.2, 0.033, 20.0, 72.0, 0.9922, 3.12, 0.38, 10.5, 7
7.1, 0.18, 0.36, 1.4, 0.043, 31.0, 87.0, 0.9898, 3.26, 0.37, 12.7, 7
6.8, 0.17, 0.35, 1.8, 0.04, 29.0, 84.0, 0.98961, 2.91, 0.57, 12.0, 7
7.0, 0.32, 0.31, 6.4, 0.031, 38.0, 115.0, 0.99235, 3.38, 0.58, 12.2, 7
6.0, 0.34, 0.24, 5.4, 0.06, 23.0, 126.0, 0.9951, 3.25, 0.44, 9.0, 7
7.2, 0.33, 0.22, 4.5, 0.031, 10.0, 73.0, 0.99076, 2.97, 0.52, 12.2, 7
7.2, 0.36, 0.36, 5.7, 0.038, 26.0, 98.0, 0.9914, 2.93, 0.59, 12.5, 7
6.0, 0.27, 0.19, 1.7, 0.02, 24.0, 110.0, 0.9898, 3.32, 0.47, 12.6, 7
6.8, 0.18, 0.3, 12.8, 0.062, 19.0, 171.0, 0.99808, 3.0, 0.52, 9.0, 7
6.0, 0.26, 0.32, 3.5, 0.028, 29.0, 113.0, 0.9912, 3.4, 0.71, 12.3, 7
6.3, 0.22, 0.43, 4.55, 0.038, 31.0, 130.0, 0.9918, 3.35, 0.33, 11.5, 7
6.8, 0.18, 0.3, 12.8, 0.062, 19.0, 171.0, 0.99808, 3.0, 0.52, 9.0, 7
6.6, 0.2, 0.32, 1.1, 0.039, 25.0, 78.0, 0.9926, 3.39, 0.54, 10.2, 7
7.1, 0.36, 0.4, 1.95, 0.033, 26.0, 118.0, 0.98934, 3.2, 0.45, 13.5, 7
5.2, 0.2, 0.27, 3.2, 0.047, 16.0, 93.0, 0.99235, 3.44, 0.53, 10.1, 7
7.1, 0.2, 0.36, 11.6, 0.042, 45.0, 124.0, 0.997, 2.92, 0.59, 9.5, 7
7.7, 0.43, 0.28, 4.5, 0.046, 33.0, 102.0, 0.9918, 3.16, 0.56, 12.2, 7
7.2, 0.2, 0.34, 2.7, 0.032, 49.0, 151.0, 0.99, 3.16, 0.39, 12.7, 7
5.8, 0.34, 0.16, 7.0, 0.037, 26.0, 116.0, 0.9949, 3.46, 0.45, 10.0, 7
6.5, 0.36, 0.49, 2.9, 0.03, 16.0, 94.0, 0.9902, 3.1, 0.49, 12.1, 7
6.8, 0.25, 0.34, 14.0, 0.032, 47.0, 133.0, 0.9952, 3.37, 0.5, 12.2, 7
7.4, 0.23, 0.25, 1.4, 0.049, 43.0, 141.0, 0.9934, 3.42, 0.54, 10.2, 7
7.5, 0.305, 0.38, 1.4, 0.047, 30.0, 95.0, 0.99158, 3.22, 0.52, 11.5, 7
7.1, 0.22, 0.33, 2.8, 0.033, 48.0, 153.0, 0.9899, 3.15, 0.38, 12.7, 7
5.2, 0.21, 0.31, 1.7, 0.048, 17.0, 61.0, 0.98953, 3.24, 0.37, 12.0, 7
6.8, 0.25, 0.28, 5.0, 0.035, 42.0, 126.0, 0.99048, 3.12, 0.38, 12.6, 7
9.2, 0.25, 0.34, 1.2, 0.026, 31.0, 93.0, 0.9916, 2.93, 0.37, 11.3, 7
6.5, 0.08, 0.33, 1.9, 0.028, 23.0, 93.0, 0.991, 3.34, 0.7, 12.0, 7
7.7, 0.28, 0.33, 6.7, 0.037, 32.0, 155.0, 0.9951, 3.39, 0.62, 10.7, 7
6.5, 0.28, 0.29, 2.7, 0.038, 26.0, 107.0, 0.9912, 3.32, 0.41, 11.6, 7
7.1, 0.34, 0.49, 1.5, 0.027, 26.0, 126.0, 0.99, 3.3, 0.33, 12.2, 7
6.0, 0.28, 0.52, 6.2, 0.028, 37.0, 104.0, 0.99161, 3.28, 0.51, 11.8, 7
7.4, 0.18, 0.29, 1.4, 0.042, 34.0, 101.0, 0.99384, 3.54, 0.6, 10.5, 7
6.9, 0.18, 0.36, 1.3, 0.036, 40.0, 117.0, 0.9934, 3.27, 0.95, 9.5, 7
6.9, 0.3, 0.45, 1.4, 0.039, 36.0, 122.0, 0.99059, 3.07, 0.47, 11.1, 7
6.7, 0.28, 0.34, 8.9, 0.048, 32.0, 111.0, 0.99455, 3.25, 0.54, 11.0, 7
6.9, 0.45, 0.27, 4.7, 0.035, 17.0, 80.0, 0.99058, 3.12, 0.36, 12.5, 7
5.9, 0.22, 0.29, 4.2, 0.037, 69.0, 144.0, 0.99214, 3.13, 0.74, 10.8, 7
6.9, 0.33, 0.26, 5.0, 0.027, 46.0, 143.0, 0.9924, 3.25, 0.43, 11.2, 7
5.9, 0.37, 0.32, 1.6, 0.029, 41.0, 102.0, 0.98916, 3.41, 0.55, 12.7, 7
6.7, 0.28, 0.28, 2.4, 0.012, 36.0, 100.0, 0.99064, 3.26, 0.39, 11.7, 7
6.0, 0.31, 0.27, 2.3, 0.042, 19.0, 120.0, 0.98952, 3.32, 0.41, 12.7, 7
6.6, 0.4, 0.32, 1.7, 0.035, 39.0, 84.0, 0.99096, 3.59, 0.48, 12.7, 7
6.8, 0.18, 0.28, 9.8, 0.039, 29.0, 113.0, 0.99406, 3.11, 0.45, 10.9, 7
5.1, 0.42, 0.01, 1.5, 0.017, 25.0, 102.0, 0.9894, 3.38, 0.36, 12.3, 7
6.6, 0.23, 0.32, 0.9, 0.041, 25.0, 79.0, 0.9926, 3.39, 0.54, 10.2, 7
7.1, 0.26, 0.34, 14.4, 0.067, 35.0, 189.0, 0.9986, 3.07, 0.53, 9.1, 7
7.1, 0.26, 0.34, 14.4, 0.067, 35.0, 189.0, 0.9986, 3.07, 0.53, 9.1, 7
6.9, 0.22, 0.37, 15.0, 0.053, 59.0, 178.0, 0.9992, 3.37, 0.82, 9.5, 7
6.7, 0.16, 0.28, 2.5, 0.046, 40.0, 153.0, 0.9921, 3.38, 0.51, 11.4, 7
6.8, 0.12, 0.31, 5.2, 0.045, 29.0, 120.0, 0.9942, 3.41, 0.46, 9.8, 7
6.5, 0.18, 0.41, 14.2, 0.039, 47.0, 129.0, 0.99678, 3.28, 0.72, 10.3, 7
8.5, 0.23, 0.28, 11.1, 0.033, 30.0, 97.0, 0.99507, 3.03, 0.39, 10.5, 7
6.7, 0.48, 0.32, 1.4, 0.021, 22.0, 121.0, 0.9889, 3.15, 0.53, 12.7, 7
5.7, 0.24, 0.3, 1.3, 0.03, 25.0, 98.0, 0.98968, 3.37, 0.43, 12.4, 7
5.2, 0.31, 0.36, 5.1, 0.031, 46.0, 145.0, 0.9897, 3.14, 0.31, 12.4, 7
6.5, 0.21, 0.37, 2.5, 0.048, 70.0, 138.0, 0.9917, 3.33, 0.75, 11.4, 7
6.4, 0.14, 0.31, 1.2, 0.034, 53.0, 138.0, 0.99084, 3.38, 0.35, 11.5, 7
7.0, 0.15, 0.3, 13.3, 0.049, 46.0, 120.0, 0.99704, 3.2, 0.36, 9.5, 7
6.8, 0.18, 0.3, 12.8, 0.062, 19.0, 171.0, 0.99808, 3.0, 0.52, 9.0, 7
6.3, 0.41, 0.3, 3.2, 0.03, 49.0, 164.0, 0.9927, 3.53, 0.79, 11.7, 7
7.4, 0.16, 0.27, 15.5, 0.05, 25.0, 135.0, 0.9984, 2.9, 0.43, 8.7, 7
6.9, 0.21, 0.24, 1.8, 0.021, 17.0, 80.0, 0.98992, 3.15, 0.46, 12.3, 7
6.3, 0.29, 0.29, 3.3, 0.037, 32.0, 140.0, 0.9895, 3.17, 0.36, 12.8, 7
8.1, 0.43, 0.42, 6.6, 0.033, 36.0, 141.0, 0.9918, 2.98, 0.39, 13.3, 7
7.3, 0.19, 0.27, 1.6, 0.027, 35.0, 136.0, 0.99248, 3.38, 0.54, 11.0, 7
7.1, 0.34, 0.31, 5.2, 0.032, 36.0, 140.0, 0.99166, 3.35, 0.47, 12.3, 7
6.5, 0.18, 0.41, 14.2, 0.039, 47.0, 129.0, 0.99678, 3.28, 0.72, 10.3, 7
6.1, 0.36, 0.27, 2.1, 0.035, 16.0, 100.0, 0.9917, 3.4, 0.71, 11.5, 7
6.9, 0.23, 0.34, 2.7, 0.032, 24.0, 121.0, 0.9902, 3.14, 0.38, 12.4, 7
6.0, 0.32, 0.3, 1.9, 0.033, 41.0, 142.0, 0.98912, 3.29, 0.42, 12.8, 7
6.3, 0.13, 0.42, 1.1, 0.043, 63.0, 146.0, 0.99066, 3.13, 0.72, 11.2, 7
6.8, 0.23, 0.3, 1.7, 0.043, 19.0, 95.0, 0.99207, 3.17, 0.46, 10.7, 7
6.9, 0.33, 0.31, 4.2, 0.04, 21.0, 93.0, 0.9896, 3.18, 0.48, 13.4, 7
6.6, 0.12, 0.25, 1.4, 0.039, 21.0, 131.0, 0.99114, 3.2, 0.45, 11.2, 7
8.2, 0.29, 0.33, 9.1, 0.036, 28.0, 118.0, 0.9953, 2.96, 0.4, 10.9, 7
7.1, 0.27, 0.27, 10.4, 0.041, 26.0, 114.0, 0.99335, 3.04, 0.52, 11.5, 7
6.8, 0.18, 0.3, 12.8, 0.062, 19.0, 171.0, 0.99808, 3.0, 0.52, 9.0, 7
5.2, 0.31, 0.2, 2.4, 0.027, 27.0, 117.0, 0.98886, 3.56, 0.45, 13.0, 7
7.3, 0.13, 0.31, 2.3, 0.054, 22.0, 104.0, 0.9924, 3.24, 0.92, 11.5, 7
7.1, 0.2, 0.27, 9.6, 0.037, 19.0, 105.0, 0.99444, 3.04, 0.37, 10.5, 7
6.5, 0.32, 0.34, 5.7, 0.044, 27.0, 91.0, 0.99184, 3.28, 0.6, 12.0, 7
5.6, 0.19, 0.31, 2.7, 0.027, 11.0, 100.0, 0.98964, 3.46, 0.4, 13.2, 7
5.0, 0.17, 0.56, 1.5, 0.026, 24.0, 115.0, 0.9906, 3.48, 0.39, 10.8, 7
7.2, 0.19, 0.31, 6.3, 0.034, 17.0, 103.0, 0.99305, 3.15, 0.52, 11.4, 7
7.4, 0.19, 0.3, 12.8, 0.053, 48.5, 229.0, 0.9986, 3.14, 0.49, 9.1, 7
6.7, 0.33, 0.36, 6.6, 0.042, 34.0, 116.0, 0.99123, 2.97, 0.31, 12.2, 8
6.9, 0.25, 0.27, 9.05, 0.039, 37.0, 128.0, 0.9936, 3.27, 0.34, 11.3, 8
7.3, 0.21, 0.29, 1.6, 0.034, 29.0, 118.0, 0.9917, 3.3, 0.5, 11.0, 8
6.6, 0.21, 0.38, 2.2, 0.026, 40.0, 104.0, 0.9914, 3.25, 0.4, 11.1, 8
7.8, 0.29, 0.36, 7.0, 0.042, 38.0, 161.0, 0.9941, 3.26, 0.37, 11.2, 8
6.3, 0.29, 0.28, 4.7, 0.059, 28.0, 81.0, 0.99036, 3.24, 0.56, 12.7, 8
7.1, 0.28, 0.49, 6.5, 0.041, 28.0, 111.0, 0.9926, 3.41, 0.58, 12.2, 8
6.1, 0.28, 0.27, 4.7, 0.03, 56.0, 140.0, 0.99042, 3.16, 0.42, 12.5, 8
7.8, 0.21, 0.39, 1.8, 0.034, 62.0, 180.0, 0.991, 3.09, 0.75, 12.6, 8
6.5, 0.13, 0.37, 1.0, 0.036, 48.0, 114.0, 0.9911, 3.41, 0.51, 11.5, 8
7.9, 0.28, 0.41, 2.0, 0.044, 50.0, 152.0, 0.9934, 3.45, 0.49, 10.7, 8
7.4, 0.4, 0.29, 5.4, 0.044, 31.0, 122.0, 0.994, 3.3, 0.5, 11.1, 8
6.1, 0.31, 0.37, 8.4, 0.031, 70.0, 170.0, 0.9934, 3.42, 0.4, 11.7, 8
8.1, 0.27, 0.35, 1.7, 0.03, 38.0, 103.0, 0.99255, 3.22, 0.63, 10.4, 8
5.5, 0.15, 0.32, 14.0, 0.031, 16.0, 99.0, 0.99437, 3.26, 0.38, 11.5, 8
6.9, 0.15, 0.28, 4.4, 0.029, 14.0, 107.0, 0.99347, 3.24, 0.46, 10.4, 8
6.4, 0.15, 0.36, 1.8, 0.034, 43.0, 150.0, 0.9922, 3.42, 0.69, 11.0, 8
6.8, 0.46, 0.26, 2.7, 0.042, 28.0, 83.0, 0.99114, 3.38, 0.51, 12.0, 8
6.5, 0.18, 0.34, 1.6, 0.04, 43.0, 148.0, 0.9912, 3.32, 0.59, 11.5, 8
6.7, 0.23, 0.31, 2.1, 0.046, 30.0, 96.0, 0.9926, 3.33, 0.64, 10.7, 8
6.5, 0.3, 0.27, 4.0, 0.038, 37.0, 97.0, 0.99026, 3.2, 0.6, 12.6, 8
5.2, 0.24, 0.45, 3.8, 0.027, 21.0, 128.0, 0.992, 3.55, 0.49, 11.2, 8
6.6, 0.15, 0.32, 6.0, 0.033, 59.0, 128.0, 0.99192, 3.19, 0.71, 12.1, 8
5.6, 0.12, 0.33, 2.9, 0.044, 21.0, 73.0, 0.98896, 3.17, 0.32, 12.9, 8
7.0, 0.12, 0.29, 10.3, 0.039, 41.0, 98.0, 0.99564, 3.19, 0.38, 9.8, 8
5.4, 0.53, 0.16, 2.7, 0.036, 34.0, 128.0, 0.98856, 3.2, 0.53, 13.2, 8
8.1, 0.17, 0.44, 14.1, 0.053, 43.0, 145.0, 1.0006, 3.28, 0.75, 8.8, 8
7.3, 0.19, 0.27, 13.9, 0.057, 45.0, 155.0, 0.99807, 2.94, 0.41, 8.8, 8
7.1, 0.47, 0.29, 14.8, 0.024, 22.0, 142.0, 0.99518, 3.12, 0.48, 12.0, 8
6.0, 0.25, 0.28, 2.2, 0.026, 54.0, 126.0, 0.9898, 3.43, 0.65, 12.9, 8
8.2, 0.37, 0.36, 1.0, 0.034, 17.0, 93.0, 0.9906, 3.04, 0.32, 11.7, 8
6.2, 0.22, 0.49, 6.0, 0.029, 31.0, 128.0, 0.9928, 3.41, 0.36, 11.3, 8
5.6, 0.21, 0.4, 1.3, 0.041, 81.0, 147.0, 0.9901, 3.22, 0.95, 11.6, 8
5.2, 0.285, 0.29, 5.15, 0.035, 64.0, 138.0, 0.9895, 3.19, 0.34, 12.4, 8
6.6, 0.36, 0.29, 1.6, 0.021, 24.0, 85.0, 0.98965, 3.41, 0.61, 12.4, 9
